33 1 1 1 1 882 1 1 1 21 1 39 1 151 3 1 1
42 1 2 2 1 -247 2 2 1 21 1 519 1 166 1 2 2
33 2 1 2 1 3444 2 1 1 21 1 144 1 91 4 1 2
36 3 1 1 1 2415 2 1 1 22 1 73 1 86 4 2 1
36 3 1 1 1 0 2 1 1 23 1 140 1 143 3 1 2
44 4 1 2 1 1324 2 1 1 25 1 119 1 89 2 2 1
26 5 2 1 1 172 1 2 1 4 2 21 1 140 4 2 1
51 1 2 2 1 3132 1 1 1 5 2 449 1 176 1 1 1
33 6 3 2 1 1005 2 1 1 10 2 175 1 174 2 1 1
30 1 1 2 1 873 2 1 1 12 2 119 1 167 3 3 1
30 3 2 1 1 1243 2 1 1 13 2 86 1 174 1 1 1
44 7 1 1 1 1631 2 1 2 17 2 81 1 195 2 1 1
51 3 3 1 1 119 1 1 2 17 2 200 1 165 2 1 1
51 5 1 2 1 58 2 1 2 17 2 79 1 129 2 1 1
44 3 1 1 1 6203 2 2 2 17 2 58 1 188 1 1 1
34 5 2 2 1 105 2 1 2 17 2 303 1 196 2 1 1
49 3 1 1 1 1533 1 1 2 17 2 324 1 172 1 1 1
47 8 1 1 1 228 2 1 2 17 2 80 1 118 1 1 1
40 3 2 2 1 1623 2 1 2 17 2 161 1 167 2 1 1
47 4 1 2 1 1484 1 1 2 17 2 297 1 119 3 1 1
38 3 1 1 1 494 1 1 2 17 2 146 1 104 2 2 1
54 5 2 2 1 198 2 2 2 17 2 120 1 171 2 1 1
52 3 1 1 1 1701 2 2 2 17 2 381 1 117 2 2 1
48 1 3 2 1 295 2 1 2 17 2 123 1 164 2 3 1
45 5 1 2 1 1477 2 1 2 17 2 75 1 132 1 1 1
39 1 1 2 1 401 2 1 2 17 2 396 1 129 2 1 1
39 4 1 3 1 3324 1 1 2 17 2 96 1 131 1 1 1
37 3 1 1 2 0 1 1 2 17 2 44 1 123 2 1 1
49 3 1 1 1 64 1 1 2 17 2 208 1 159 1 3 1
43 5 1 2 1 1865 2 1 2 17 2 155 1 186 1 1 1
35 5 3 1 1 1718 2 2 2 17 2 74 1 167 16 2 1
50 3 1 2 1 633 1 2 1 17 2 302 1 111 6 1 1
42 5 2 1 1 35 2 2 2 17 2 38 1 115 5 2 1
56 9 1 2 1 2749 2 2 2 17 2 38 1 172 2 1 1
51 7 1 1 1 209 1 1 2 17 2 130 1 111 2 1 1
50 5 2 2 1 246 2 1 2 17 2 270 1 123 2 1 1
45 5 1 2 1 1415 2 1 2 17 2 483 1 116 1 1 1
40 2 3 2 1 5766 2 2 2 17 2 68 2 173 1 1 1
30 3 1 1 1 101 2 1 2 17 2 348 1 123 1 1 1
39 3 1 1 1 500 2 1 2 17 2 257 1 178 2 2 1
36 3 1 1 1 5057 2 1 2 17 2 70 1 166 10 1 1
34 8 1 1 1 1265 2 1 2 17 2 118 1 164 3 1 1
59 3 1 1 1 0 1 1 2 17 2 90 2 110 2 1 1
53 2 1 2 1 1364 1 1 2 17 2 508 1 115 1 1 1
46 3 2 1 1 46 1 2 2 17 2 80 1 152 1 1 1
52 9 1 2 1 5423 1 2 2 17 2 93 1 115 1 1 1
56 5 3 2 1 689 2 1 2 17 2 110 1 103 4 1 1
34 1 2 2 1 0 2 1 2 17 2 214 1 174 2 1 1
32 1 2 2 1 4344 2 1 2 17 2 79 2 118 3 1 1
59 9 3 2 1 514 2 1 2 17 2 573 1 188 1 2 1
59 3 1 3 1 252 2 2 2 17 2 138 1 175 2 1 1
40 5 1 2 1 0 2 1 2 17 2 74 2 196 1 1 1
43 5 3 2 1 -36 2 1 2 17 2 190 1 104 1 1 1
43 5 1 2 1 0 1 2 2 17 2 103 2 193 3 1 1
55 7 3 1 1 1730 1 1 2 17 2 89 2 118 3 1 1
49 2 1 2 1 202 2 1 2 17 2 651 2 104 1 1 2
49 7 1 1 1 313 2 1 2 17 2 42 2 188 2 1 1
39 4 2 3 1 419 2 1 2 17 2 186 1 181 1 1 1
42 5 1 1 1 14282 2 1 2 17 2 77 1 103 4 3 1
56 1 1 2 1 1270 2 1 2 17 2 80 2 165 2 2 1
44 1 1 2 1 4826 2 1 2 17 2 102 1 185 4 2 1
42 2 1 2 1 1048 2 1 2 17 2 71 1 186 1 1 1
41 5 1 2 1 112 2 1 2 17 2 1081 1 131 1 1 1
51 5 1 2 1 563 2 1 2 17 2 504 1 123 3 1 1
36 4 1 2 1 1797 2 2 2 17 2 166 1 181 2 1 1
52 5 1 1 1 3440 2 1 2 17 2 124 1 131 1 1 1
42 7 1 1 1 373 1 1 2 17 2 174 1 154 3 1 1
45 5 1 2 1 2020 2 1 2 17 2 62 1 131 1 1 1
35 7 1 2 1 24 2 1 2 17 2 128 1 181 1 1 1
38 3 1 1 1 425 2 1 2 17 2 240 1 181 1 1 1
47 5 1 2 1 80 1 2 2 17 2 74 1 145 1 1 1
43 10 1 2 1 634 2 1 2 17 2 65 1 131 1 1 1
33 4 1 2 1 0 2 1 2 17 2 809 3 181 1 2 1
40 4 2 2 1 677 2 1 2 17 2 619 1 171 5 2 1
54 5 1 2 1 899 1 2 2 17 2 61 1 145 1 2 1
50 3 1 1 1 830 1 1 2 17 2 71 1 138 2 1 1
54 2 1 2 1 2719 2 1 2 17 2 166 2 171 2 1 1
44 6 1 2 1 0 2 1 2 17 2 58 1 195 2 1 1
43 4 3 2 1 -259 1 1 2 17 2 732 1 171 2 2 1
51 3 1 1 1 248 2 2 2 17 2 139 2 126 3 1 1
51 5 1 2 1 12061 2 1 2 17 2 150 1 188 1 1 1
42 5 2 2 1 -15 1 1 2 17 2 89 1 145 1 1 1
46 2 3 2 1 0 1 1 2 17 2 407 1 150 3 3 1
50 3 1 1 1 4 1 1 2 17 2 223 1 96 2 1 1
44 3 1 1 1 1451 2 1 2 17 2 157 3 150 12 1 1
41 6 1 3 1 557 2 1 2 17 2 158 1 173 1 1 1
37 3 2 1 1 600 2 1 2 17 2 116 2 196 1 1 1
53 1 1 2 1 350 1 2 2 17 2 113 3 132 2 1 1
53 10 1 2 1 248 1 2 2 17 2 99 1 126 3 1 1
52 5 1 2 1 1818 1 2 2 17 2 189 2 111 4 1 1
36 3 3 1 1 3837 2 1 2 17 2 184 1 193 1 3 1
37 1 1 1 1 0 2 1 2 17 2 65 2 119 1 1 1
44 3 1 1 1 58 2 1 2 17 2 48 1 126 3 1 1
59 3 3 1 1 3552 2 1 2 17 2 690 1 123 7 2 1
32 1 1 2 1 0 2 2 2 17 2 159 2 195 2 1 1
41 3 1 1 1 20 2 1 2 17 2 99 1 151 2 1 1
37 2 1 2 2 -954 2 1 2 17 2 69 1 180 3 1 1
43 8 1 3 1 0 1 2 2 17 2 836 1 129 2 1 1
51 4 1 3 1 230 2 1 2 17 2 174 1 195 1 1 1
56 3 1 1 1 505 2 2 2 17 2 171 1 172 2 1 1
44 2 1 2 1 3843 2 1 2 17 2 70 1 150 2 2 1
56 3 2 3 1 109 1 2 1 17 2 124 1 129 18 2 1
39 10 1 1 1 5 2 1 2 17 2 118 2 131 1 2 1
38 5 1 2 1 821 2 2 2 17 2 224 2 180 1 1 1
42 5 1 3 1 275 1 1 2 17 2 295 2 109 9 1 1
34 3 2 1 1 1049 2 1 2 17 2 101 2 129 1 1 1
38 4 1 3 1 0 2 1 2 17 2 78 2 193 2 1 1
53 9 1 1 1 2269 1 1 2 17 2 1091 2 150 1 3 2
41 4 1 2 1 271 2 1 2 17 2 148 2 172 2 1 1
48 3 3 1 1 -478 2 1 2 17 2 87 5 167 6 1 1
54 3 1 1 1 3795 2 2 2 17 2 227 2 119 1 1 1
55 7 1 2 1 653 2 1 2 17 2 193 2 186 1 1 1
38 5 2 2 1 1255 2 1 2 17 2 151 2 171 2 1 1
50 5 3 2 1 -403 1 2 2 17 2 130 2 119 2 1 1
42 6 1 3 1 2636 1 1 2 17 2 178 2 151 1 1 1
40 8 1 2 1 1029 2 2 2 17 2 117 2 117 3 1 1
38 1 1 2 1 0 1 1 1 17 2 599 2 158 8 2 1
57 3 1 2 1 1502 1 1 1 17 2 340 2 109 11 1 1
30 5 2 2 1 426 2 1 1 17 2 127 4 111 6 1 1
56 3 2 2 1 237 2 1 1 17 2 117 3 131 4 1 1
39 5 1 2 1 8 1 2 2 17 2 333 2 96 2 1 1
43 2 3 2 1 1043 2 1 2 17 2 57 4 119 3 1 1
42 2 1 2 1 1027 2 1 1 17 2 188 2 168 2 1 1
44 3 1 1 1 724 2 1 2 17 2 157 2 172 1 1 1
36 4 1 2 1 0 2 1 2 17 2 273 2 131 1 1 1
40 6 1 2 1 219 2 1 2 17 2 204 2 196 1 1 1
43 3 1 1 1 2767 2 1 2 17 2 374 1 186 7 1 1
40 5 1 2 1 1269 2 1 2 17 2 353 1 172 1 1 1
56 2 1 2 1 1150 1 2 2 17 2 107 1 117 3 1 1
37 5 1 2 1 5115 2 1 2 17 2 1210 2 171 4 1 2
56 3 2 1 1 1092 2 2 2 17 2 176 3 186 4 1 1
37 3 1 2 1 121 1 2 2 17 2 211 2 151 2 1 1
58 4 3 2 1 644 1 2 2 17 2 220 4 109 4 1 1
45 7 1 2 1 781 1 2 2 17 2 652 2 126 2 1 2
50 5 1 2 1 0 2 1 2 17 2 114 4 168 2 1 1
46 1 1 2 1 4958 2 1 2 17 2 64 3 150 5 2 1
35 2 3 2 1 204 2 1 2 17 2 295 1 186 9 2 1
40 4 1 2 1 755 1 1 2 17 2 408 1 117 1 1 1
43 5 1 1 1 1201 2 2 2 18 2 82 1 97 3 1 1
40 10 1 1 1 3059 2 2 2 18 2 41 1 182 1 1 1
36 8 1 3 1 4324 2 1 2 18 2 139 4 127 4 1 1
44 3 1 1 1 756 2 1 2 18 2 65 1 130 2 1 1
37 4 1 2 1 723 2 1 2 18 2 119 1 110 2 1 1
37 5 1 2 1 195 2 1 2 18 2 68 1 194 2 1 1
41 5 1 2 1 3275 2 1 2 18 2 121 1 168 1 2 1
42 7 1 1 1 2249 2 1 1 18 2 228 1 125 5 1 1
53 5 1 2 1 137 1 2 2 18 2 52 1 176 1 1 1
44 5 1 2 1 10888 2 1 2 18 2 67 1 105 1 1 1
41 1 1 2 1 4320 2 1 2 18 2 164 1 166 2 1 1
41 4 1 3 1 1461 2 1 2 18 2 290 1 165 2 3 1
48 3 1 2 1 4415 2 1 2 18 2 271 1 102 6 1 1
58 3 1 1 1 9339 2 1 1 18 2 52 3 172 3 2 1
56 5 1 2 1 589 2 1 2 18 2 208 1 26 3 3 1
34 4 1 2 1 559 2 1 1 18 2 47 1 193 1 2 1
39 1 2 1 1 283 2 1 2 18 2 346 1 179 3 2 1
36 5 1 2 1 154 2 1 2 18 2 231 1 96 2 2 1
47 3 3 1 1 428 2 1 2 18 2 116 1 167 1 2 1
42 1 2 2 1 -247 2 2 2 18 2 104 2 28 2 3 1
37 5 1 2 1 0 2 1 2 18 2 173 1 179 6 1 1
35 3 2 2 1 5260 2 1 2 18 2 59 1 182 2 1 1
33 5 2 2 1 1769 2 1 2 18 2 273 1 182 1 1 1
46 3 1 1 1 4301 2 2 2 18 2 50 1 183 2 1 1
46 5 1 2 1 68 2 2 2 18 2 111 2 155 3 1 1
36 1 3 2 1 454 2 1 2 18 2 165 1 131 1 1 1
32 4 2 2 1 53 2 1 2 18 2 276 1 195 1 1 1
38 3 2 1 1 1515 2 1 2 18 2 134 1 110 5 1 1
37 8 2 1 1 561 1 1 2 18 2 188 1 165 2 1 1
59 7 1 2 1 2429 1 2 2 18 2 79 2 182 7 1 1
40 2 3 2 1 1155 1 2 2 18 2 175 1 138 1 1 1
59 4 1 3 1 14 2 2 2 18 2 319 2 182 1 1 1
36 3 2 1 1 0 1 2 2 18 2 300 1 96 4 1 1
51 4 1 3 1 1194 2 1 2 18 2 714 1 186 3 1 1
45 4 2 2 1 91 1 2 2 18 2 149 1 127 2 1 1
38 3 2 1 1 427 2 1 2 18 2 253 1 182 1 1 1
42 4 1 2 1 1958 2 1 2 18 2 129 1 172 3 1 1
30 5 2 1 1 3 2 1 2 18 2 54 1 195 1 1 1
51 10 1 1 1 146 1 1 2 18 2 150 2 126 3 1 1
37 3 1 1 1 3770 2 1 2 18 2 106 1 110 4 1 1
41 2 1 2 1 446 2 1 2 18 2 296 1 186 1 3 1
33 1 3 2 1 661 2 1 2 18 2 411 1 173 2 2 1
30 5 2 2 1 4787 2 1 2 18 2 266 1 167 2 1 1
36 5 1 2 1 1345 2 1 2 18 2 82 1 172 3 1 1
58 3 1 1 1 0 2 1 2 18 2 265 1 188 1 1 1
42 4 1 3 1 2273 2 1 2 18 2 253 1 112 2 1 1
41 4 1 2 1 1100 2 1 2 18 2 397 1 173 2 1 1
43 5 1 2 1 764 2 1 2 18 2 164 5 127 5 1 1
34 3 2 1 1 1494 2 1 2 18 2 596 1 182 1 2 2
48 2 1 2 1 2877 2 1 2 18 2 77 1 168 1 1 1
30 5 2 2 2 -305 1 2 2 18 2 37 1 96 6 1 1
31 5 1 1 1 26 1 2 2 18 2 419 1 127 6 2 2
43 5 2 2 2 685 2 1 2 18 2 78 1 110 2 1 1
34 1 2 2 1 10 1 2 2 18 2 162 1 173 3 1 1
35 3 1 1 1 1041 1 1 2 18 2 586 1 120 3 2 1
36 1 2 2 1 1927 2 1 2 18 2 288 1 137 1 2 1
44 3 1 3 1 1880 2 1 2 18 2 34 1 124 6 1 1
45 5 3 2 1 5862 2 1 2 18 2 352 1 110 3 2 1
36 3 1 1 1 0 2 1 2 18 2 103 1 175 2 1 1
33 4 1 2 1 596 2 1 2 18 2 77 1 127 3 1 1
47 1 1 2 1 829 2 2 2 18 2 48 1 188 1 1 1
47 4 1 2 1 3237 2 1 2 18 2 38 1 187 3 1 1
35 5 1 2 1 222 2 1 2 18 2 233 1 190 6 1 1
39 1 1 2 1 3732 2 1 2 18 2 515 1 181 2 1 1
39 10 1 1 1 585 2 1 2 18 2 48 1 181 3 1 1
31 2 2 2 1 2038 2 1 2 18 2 239 1 182 1 1 1
37 6 2 1 1 1316 2 1 2 18 2 389 1 172 2 1 1
50 5 1 2 1 -353 2 2 2 18 2 162 1 175 2 1 1
39 3 3 1 1 5009 2 1 2 18 2 255 1 126 2 1 1
56 1 3 2 1 0 1 1 2 18 2 100 1 154 2 1 1
30 1 3 2 1 83 2 2 2 18 2 118 2 196 1 1 1
45 4 1 3 1 147 2 1 2 18 2 226 1 168 2 1 1
33 4 1 2 1 157 2 1 2 18 2 110 1 182 1 1 1
45 5 1 2 1 3395 2 1 2 18 2 92 1 188 1 1 1
39 8 1 3 1 694 2 2 2 18 2 91 1 168 2 2 1
37 4 2 2 1 690 2 1 2 18 2 105 1 179 2 1 1
37 2 2 2 1 54 2 1 2 18 2 328 2 131 1 1 1
33 5 2 1 1 179 2 1 2 18 2 432 2 181 4 2 1
40 2 2 2 1 326 2 1 2 18 2 124 1 175 1 1 1
45 5 1 2 1 1441 2 1 2 18 2 93 1 113 2 2 1
39 5 1 2 1 484 1 2 2 18 2 61 1 113 3 2 1
38 4 1 2 1 -288 2 2 2 18 2 68 1 165 2 1 1
41 5 1 2 1 2123 1 1 2 18 2 232 1 102 2 1 1
44 5 1 2 1 1901 1 1 2 18 2 143 3 104 2 1 1
41 4 1 2 1 1954 1 1 2 18 2 65 1 110 2 3 1
45 3 2 1 1 16 1 1 2 18 2 100 1 110 2 1 1
34 3 3 1 1 5754 2 1 2 18 2 32 1 181 1 1 1
52 1 3 2 1 2717 1 1 1 18 2 114 1 162 2 1 1
43 7 2 3 1 103 2 1 2 18 2 53 1 183 5 1 1
37 3 1 3 1 5427 1 1 2 18 2 201 1 159 1 1 1
37 3 2 1 1 1743 2 1 2 18 2 192 1 113 2 1 1
48 4 1 3 1 1092 1 2 2 18 2 79 1 172 8 1 1
35 3 1 1 1 4943 2 1 2 18 2 295 1 124 2 1 1
42 3 1 1 1 2110 1 2 2 18 2 67 1 110 2 1 1
34 3 1 1 1 63 1 1 2 18 2 83 1 102 2 1 1
32 4 2 2 1 118 2 1 2 18 2 216 1 124 1 3 1
50 10 2 1 1 21 2 1 2 18 2 157 1 188 1 1 1
30 3 1 1 1 900 1 1 2 18 2 123 1 124 2 1 1
32 1 1 2 1 1785 2 1 2 18 2 51 2 154 6 2 1
55 2 1 2 1 3546 2 2 2 18 2 588 1 110 2 1 1
32 3 1 1 1 1667 2 1 2 18 2 164 2 179 3 1 1
32 2 2 2 1 2251 2 2 2 18 2 131 1 124 1 1 1
31 1 2 2 1 2076 1 2 2 18 2 178 1 127 7 2 1
46 4 2 3 1 3046 2 2 2 18 2 84 1 183 1 2 1
44 5 1 2 1 533 2 1 2 18 2 127 1 110 2 1 1
36 4 1 2 1 2894 2 1 2 18 2 91 1 124 1 1 1
34 3 1 1 1 11 2 1 2 18 2 123 1 124 1 1 1
32 3 1 1 1 3107 2 2 2 18 2 165 2 116 1 1 1
48 4 1 2 1 3008 2 2 2 18 2 163 1 187 3 1 1
48 3 2 1 1 648 2 1 2 18 2 290 1 110 2 1 1
39 2 1 2 1 173 2 1 2 18 2 96 2 182 2 1 1
47 1 2 2 1 19 2 2 2 18 2 90 2 123 1 1 1
52 4 1 1 1 297 2 1 2 18 2 62 2 195 1 1 1
59 5 3 2 1 797 2 1 2 18 2 319 2 165 2 1 1
36 2 2 2 1 1482 2 1 2 18 2 177 2 174 1 2 1
38 7 1 1 1 678 1 2 2 18 2 82 2 152 1 1 1
54 4 1 2 1 506 2 1 2 18 2 172 2 104 2 1 1
51 3 1 1 1 -516 2 1 2 18 2 120 2 187 2 1 1
44 3 2 1 1 1356 1 2 2 18 2 264 2 134 2 2 1
47 4 1 3 1 1533 1 2 2 18 2 273 2 96 4 1 1
34 4 1 3 1 500 2 1 2 18 2 240 2 182 1 1 1
54 1 1 2 1 3729 1 2 2 18 2 597 2 116 1 2 1
30 4 1 2 1 246 2 1 2 18 2 166 2 113 5 1 1
43 3 2 1 1 -56 2 1 2 18 2 146 2 151 14 1 1
52 2 1 2 1 2257 2 1 1 18 2 102 2 188 1 1 1
36 4 1 2 1 402 1 2 2 18 2 86 2 154 1 1 1
39 3 1 2 1 517 2 1 2 18 2 387 3 196 2 1 1
32 3 2 1 1 0 2 1 2 18 2 244 2 168 1 2 1
46 3 1 1 1 0 1 1 2 18 2 716 2 110 3 2 2
45 3 2 1 1 5694 2 1 2 18 2 145 2 193 2 1 1
54 10 1 1 1 368 1 1 2 18 2 74 2 110 4 1 1
41 7 1 2 1 -1882 2 1 2 18 2 17 5 151 2 2 1
36 7 2 2 1 296 1 1 2 18 2 67 2 111 2 1 1
38 5 1 2 1 508 2 1 2 18 2 722 3 175 2 1 1
36 5 2 3 1 2169 2 1 2 18 2 133 2 110 3 2 1
44 5 1 2 1 2626 2 1 2 18 2 170 2 188 3 1 1
59 7 1 3 1 124 2 1 2 18 2 531 3 134 7 1 1
36 3 1 1 1 521 1 2 2 18 2 135 2 152 1 2 1
40 1 2 2 1 2854 2 1 2 18 2 354 2 169 1 1 1
30 2 3 2 1 0 2 2 2 18 2 174 2 111 3 1 1
34 4 1 2 1 932 1 2 2 18 2 148 2 132 1 2 1
42 3 2 1 1 1113 2 2 2 18 2 89 2 162 12 1 1
33 3 1 1 1 1522 2 1 2 18 2 171 2 179 3 1 1
44 2 1 2 1 -236 2 1 2 18 2 218 2 113 7 3 1
36 10 2 1 1 3560 1 1 2 18 2 658 3 169 2 1 1
42 4 3 2 1 898 2 1 2 18 2 136 2 131 1 1 1
36 5 3 2 1 556 2 1 2 18 2 154 3 189 1 1 1
53 10 1 2 1 1066 2 1 2 18 2 110 1 186 3 1 1
38 5 1 2 1 728 2 1 2 18 2 286 1 181 2 2 1
52 10 1 1 1 5350 2 2 2 18 2 68 2 110 4 3 1
40 5 1 2 1 7313 2 1 2 18 2 241 2 182 1 1 1
30 5 2 1 1 0 2 1 2 18 2 342 2 174 1 1 1
45 2 1 2 1 1550 2 1 2 18 2 143 2 166 6 1 1
38 2 1 2 1 4392 1 1 2 18 2 23 2 110 2 1 1
47 1 3 3 1 1095 2 1 2 18 2 171 1 110 2 2 1
33 4 1 2 1 328 2 1 2 18 2 160 2 182 1 1 1
41 8 3 3 1 22 2 1 2 18 2 238 3 126 4 2 1
51 3 1 1 1 1612 2 1 2 18 2 61 2 131 1 1 1
33 5 1 1 1 17455 2 2 2 18 2 168 3 179 4 1 1
32 4 1 2 1 491 2 1 2 18 2 131 3 194 2 1 1
47 5 1 2 1 826 2 1 1 18 2 195 3 112 8 2 1
32 2 1 2 1 3839 2 1 2 18 2 100 2 189 1 1 1
51 3 3 1 1 1937 2 1 2 18 2 185 4 152 11 2 1
40 3 2 2 1 9916 1 1 2 18 2 411 3 8 1 1 1
56 9 1 2 1 728 1 1 2 18 2 163 2 110 15 1 1
32 3 1 2 1 6217 2 2 2 18 2 486 2 181 2 1 1
41 1 1 2 1 1327 2 2 2 18 2 425 2 176 2 1 1
36 5 1 2 1 -179 2 1 2 18 2 476 2 124 1 1 1
46 4 1 2 1 942 1 1 2 18 2 240 3 119 2 1 1
34 4 1 2 1 3990 2 1 2 18 2 591 2 117 7 1 1
34 5 2 1 1 2047 2 1 2 18 2 72 2 113 5 1 1
44 4 3 2 1 -184 2 1 2 18 2 825 2 154 3 2 1
30 3 1 1 1 1185 2 1 2 18 2 342 2 120 4 1 1
30 1 2 2 1 2802 1 2 1 18 2 285 2 137 2 1 1
43 2 1 2 1 508 2 1 2 18 2 200 1 172 1 1 1
51 3 2 1 1 6030 2 1 2 18 2 157 2 110 3 1 1
45 5 3 2 1 -14 1 1 2 18 2 39 2 127 3 1 1
46 3 3 1 1 6269 2 1 1 18 2 249 3 112 2 1 1
30 4 1 2 1 1131 2 2 2 18 2 189 1 144 5 1 1
40 1 3 2 1 399 2 2 2 18 2 166 3 96 2 1 1
46 2 3 2 1 864 2 1 2 18 2 105 5 188 2 1 1
49 10 1 1 1 202 2 1 2 18 2 139 1 166 3 2 1
31 3 2 1 1 3142 2 1 2 18 2 235 1 123 1 1 1
53 9 1 2 1 1139 2 1 2 18 2 180 1 186 6 1 1
48 4 1 3 1 214 2 2 2 18 2 246 1 162 1 1 1
34 4 1 2 1 1412 2 2 2 18 2 149 1 175 2 1 1
35 5 1 2 1 2019 2 2 2 18 2 83 2 144 1 1 1
52 3 1 1 1 1295 2 1 2 18 2 121 1 123 1 2 1
31 3 1 1 1 1164 2 2 2 18 2 141 2 123 3 1 1
36 3 1 1 1 369 1 1 2 18 2 193 4 102 2 1 1
45 4 1 2 1 17 2 1 2 18 2 66 1 152 14 1 1
31 1 1 2 1 355 2 1 2 18 2 530 1 193 1 1 1
35 2 1 2 1 66 2 1 2 18 2 110 1 123 1 2 1
51 10 1 3 1 106 2 1 1 18 2 366 3 110 2 1 1
56 9 1 1 1 839 1 2 2 18 2 630 1 187 2 2 1
43 3 1 2 1 481 2 1 1 18 2 164 1 110 2 2 1
30 5 1 2 1 -306 2 2 2 18 2 372 1 186 1 1 1
44 2 1 2 1 1106 2 1 1 19 2 178 5 119 11 1 1
41 7 1 1 1 171 2 1 2 19 2 209 1 191 4 1 1
58 10 1 1 1 8014 2 1 2 19 2 697 2 184 3 1 1
55 4 3 2 1 4053 1 1 2 19 2 113 1 166 2 1 1
32 1 2 1 1 1583 2 1 2 19 2 100 1 182 1 1 1
42 2 1 1 1 412 2 1 1 19 2 142 4 169 5 1 1
30 3 1 1 1 314 1 1 2 19 2 364 2 175 2 3 1
37 5 1 2 1 7957 1 1 2 19 2 706 1 111 2 1 1
39 3 2 2 1 4278 2 1 2 19 2 43 1 111 2 2 1
32 2 3 2 1 1156 2 1 2 19 2 81 1 182 1 1 1
39 3 2 1 1 1682 2 1 2 19 2 147 1 170 1 1 1
31 3 2 1 1 3625 2 1 2 19 2 112 1 180 2 1 1
32 4 2 2 1 1721 2 1 2 19 2 184 2 182 2 1 1
45 3 1 2 1 38 2 1 2 19 2 159 1 188 2 1 1
33 3 2 1 1 541 2 2 2 19 2 140 1 182 1 1 1
30 3 2 1 1 54 2 2 2 19 2 192 1 177 3 1 1
31 3 1 1 1 4924 2 1 2 19 2 316 1 182 2 1 1
54 3 1 1 1 6525 2 1 2 19 2 133 1 170 3 1 1
33 3 1 1 1 3696 1 1 2 19 2 305 1 182 3 1 1
48 6 1 2 1 1811 2 1 1 19 2 137 4 111 3 1 1
33 3 1 1 1 0 2 1 2 19 2 295 1 170 1 1 1
31 4 2 2 1 -366 2 1 2 19 2 313 1 180 1 2 1
32 4 1 2 1 2089 2 1 2 19 2 192 1 5 1 3 1
40 3 1 1 1 12409 2 1 2 19 2 140 1 99 2 1 1
52 9 1 2 1 424 1 1 2 19 2 143 1 154 3 1 1
31 5 2 2 1 1186 2 1 2 19 2 174 1 180 1 1 1
35 3 1 1 1 2801 2 1 2 19 2 70 2 111 2 1 1
32 3 2 1 1 2667 2 1 2 19 2 197 1 99 2 3 1
30 1 2 2 1 382 2 1 2 19 2 369 1 191 1 1 1
31 4 1 3 1 4728 2 1 2 19 2 114 1 183 3 2 1
32 7 1 1 1 964 2 1 2 19 2 130 1 120 2 1 1
36 10 1 2 1 189 2 1 2 19 2 136 1 120 1 1 1
40 2 1 2 1 961 1 2 2 19 2 589 1 133 4 2 1
52 10 1 2 1 -201 1 2 2 19 2 905 1 133 2 1 1
45 3 3 2 1 644 2 1 2 19 2 418 1 168 1 3 2
37 2 2 2 1 50 1 1 2 19 2 244 1 154 8 2 1
36 1 2 1 1 649 1 1 2 19 2 224 1 111 1 2 1
43 3 1 1 1 13044 1 1 2 19 2 215 1 93 4 1 1
35 3 3 1 1 771 2 2 2 19 2 110 1 93 5 1 1
30 3 1 1 1 86 2 2 2 19 2 155 1 97 2 2 1
39 5 1 2 1 3494 2 1 2 19 2 139 1 92 4 1 1
37 10 1 1 1 804 2 1 2 19 2 94 1 170 1 2 1
49 3 1 1 1 6613 1 1 2 19 2 106 1 155 3 1 1
30 4 3 2 1 4591 2 1 2 19 2 89 1 175 1 2 1
34 4 1 2 1 360 2 1 1 19 2 46 1 182 2 1 1
33 5 1 2 1 1234 1 1 2 19 2 109 1 10 1 1 1
45 5 3 2 1 1309 2 1 2 19 2 298 1 170 2 1 1
30 3 2 1 1 234 2 1 2 19 2 206 1 169 2 1 1
32 6 2 1 1 1611 2 1 2 19 2 175 1 180 2 1 1
31 4 1 2 1 1570 2 2 2 19 2 133 2 180 1 2 1
40 10 1 1 1 2977 2 1 2 19 2 375 1 125 1 1 1
46 4 1 2 1 15 2 2 2 19 2 46 2 91 3 1 1
30 4 2 2 2 447 1 1 2 19 2 426 2 189 6 1 1
34 4 1 3 1 2490 2 1 2 19 2 185 2 180 1 1 1
46 10 1 1 1 2421 1 1 2 19 2 1084 1 100 4 1 2
40 4 1 3 1 4608 2 1 1 19 2 111 2 156 1 1 1
53 9 1 1 1 1452 1 2 2 19 2 442 2 113 3 1 1
46 5 3 2 1 -26 2 2 2 19 2 201 1 113 2 2 1
38 5 1 2 1 4030 2 1 2 19 2 75 2 177 5 1 1
43 3 1 1 1 1429 2 1 2 19 2 1015 1 198 2 2 2
32 5 3 2 1 18 1 1 1 19 2 20 1 177 1 1 1
40 11 1 2 1 260 1 1 2 19 2 52 1 152 6 1 1
35 10 2 1 1 538 2 2 2 19 2 308 1 195 9 1 1
32 5 1 2 1 524 1 1 2 19 2 100 1 106 1 1 1
33 10 1 1 1 -103 2 1 2 19 2 149 2 175 1 1 1
33 3 2 1 1 201 2 1 2 19 2 171 1 183 1 1 1
39 8 1 2 1 1444 1 1 2 19 2 100 1 117 8 3 1
46 4 1 2 1 9347 2 1 2 19 2 138 1 117 1 2 1
44 2 1 3 1 1161 2 1 2 19 2 402 1 184 5 1 1
59 8 1 3 1 935 2 1 2 19 2 103 3 166 2 1 1
45 3 2 2 1 142 1 2 2 19 2 258 1 105 4 1 1
37 4 1 2 1 1165 2 1 2 19 2 62 3 190 4 3 1
58 4 3 3 1 8218 2 1 2 19 2 141 2 111 10 1 1
33 5 2 1 1 149 2 1 2 19 2 424 2 182 1 2 2
42 10 1 2 1 3211 1 1 2 19 2 87 2 111 1 1 1
50 5 1 2 1 3149 2 1 2 19 2 69 1 190 1 2 1
41 8 2 2 1 2184 1 1 2 19 2 98 1 153 2 1 1
40 6 1 2 1 0 2 1 2 19 2 332 1 183 1 1 1
43 5 3 2 1 6835 1 1 2 19 2 187 1 152 2 1 1
44 5 2 2 1 1195 2 1 2 19 2 187 6 188 9 1 1
58 4 1 3 1 630 2 1 2 19 2 59 1 174 1 1 1
43 3 1 1 1 1993 1 1 2 19 2 37 1 174 1 1 1
58 4 1 2 1 590 1 2 2 19 2 136 1 167 1 1 1
39 3 1 2 1 6012 1 1 1 19 2 140 1 119 2 1 1
51 4 1 3 1 863 1 1 2 19 2 169 1 189 2 2 1
52 4 1 2 1 7225 1 1 2 19 2 205 2 113 2 1 1
54 10 3 1 1 1323 1 1 2 19 2 83 1 152 4 1 1
41 4 1 2 1 1011 2 1 2 19 2 113 1 174 4 2 1
53 5 1 2 1 2818 2 1 2 19 2 131 1 126 7 1 1
50 4 3 2 1 203 2 1 1 19 2 265 1 127 4 2 1
48 4 1 2 1 -202 2 2 2 19 2 565 1 112 4 1 1
59 9 1 2 1 32948 1 1 2 19 2 243 1 174 2 1 1
33 7 1 2 1 2 2 2 2 19 2 17 5 198 1 1 1
44 2 3 1 1 2279 1 2 2 19 2 105 1 146 1 1 1
52 4 3 3 1 3990 1 1 2 19 2 1548 1 153 1 2 1
47 1 3 2 1 1939 2 1 2 19 2 150 1 174 1 1 1
39 3 1 2 1 763 1 1 2 19 2 360 1 153 2 2 1
32 5 1 1 1 432 2 1 2 19 2 164 2 195 1 2 1
45 4 1 2 1 2926 2 2 2 19 2 482 3 120 2 1 1
42 3 1 1 1 783 2 1 2 19 2 77 2 128 3 1 1
30 4 1 3 1 1101 2 2 2 19 2 779 2 175 1 1 1
59 9 1 2 1 2291 1 2 2 19 2 190 1 128 3 1 1
46 7 1 3 1 8873 2 1 2 19 2 172 1 118 2 1 1
40 5 1 2 1 657 2 1 2 19 2 178 1 112 2 1 1
37 4 1 3 1 253 2 1 2 19 2 59 2 153 2 1 1
33 4 1 1 1 6138 2 1 2 19 2 384 1 183 1 1 1
55 9 1 2 1 3948 1 1 2 19 2 149 1 170 2 1 1
46 6 3 2 1 3354 2 1 2 19 2 522 1 174 1 3 2
45 10 1 2 1 830 1 1 2 19 2 180 1 111 2 1 1
33 10 2 2 1 4 2 1 2 19 2 136 2 180 2 1 1
47 6 1 2 1 351 2 2 2 19 2 174 1 174 1 1 1
35 4 1 2 1 86 1 1 2 19 2 127 1 111 2 1 1
40 4 1 2 1 4853 1 1 2 19 2 259 1 111 2 1 1
38 5 2 2 1 884 2 2 2 19 2 295 1 111 2 1 1
59 9 1 3 1 741 1 1 2 19 2 194 2 152 2 1 1
34 8 1 1 1 4958 2 1 2 19 2 175 1 183 1 1 1
46 7 2 1 1 1410 2 1 2 19 2 93 1 189 8 1 1
36 10 1 1 1 16430 2 1 2 19 2 234 1 166 3 1 1
38 4 1 3 1 190 2 1 1 19 2 623 1 175 1 2 2
52 10 3 2 1 1291 2 1 2 19 2 559 1 169 2 1 1
30 7 1 2 1 946 2 1 2 19 2 1065 1 183 1 2 1
57 4 1 2 1 5935 2 2 2 19 2 90 2 198 1 1 1
35 1 1 2 1 3187 2 1 2 19 2 171 2 183 1 1 1
59 3 1 3 1 2769 2 1 2 19 2 104 1 131 2 1 1
33 4 1 3 1 3512 2 1 2 19 2 251 1 183 2 1 1
56 2 1 3 1 444 2 1 2 19 2 88 1 166 1 1 1
38 3 1 1 1 5432 2 2 2 19 2 408 1 183 1 1 1
40 1 1 2 1 67 1 2 2 19 2 359 2 152 5 1 1
37 4 1 3 1 3574 2 1 2 19 2 178 1 170 2 1 1
36 1 2 1 1 2622 1 1 2 19 2 640 1 127 5 1 1
50 3 1 2 1 2910 1 1 1 19 2 433 1 113 1 1 1
38 4 1 3 1 2240 2 1 2 19 2 551 1 183 1 1 1
55 6 1 2 1 4733 2 1 2 19 2 70 1 174 2 2 1
37 5 1 2 1 5902 2 1 2 19 2 191 1 180 4 1 1
34 1 1 1 1 899 2 1 1 19 2 377 3 7 4 3 1
50 1 1 2 1 167 1 2 2 19 2 47 1 133 1 1 1
56 1 3 2 1 -429 1 2 2 19 2 120 2 119 4 1 1
43 3 1 3 1 8167 2 1 1 19 2 202 2 184 2 1 1
40 4 1 2 1 1708 2 1 2 19 2 382 2 174 1 2 1
34 3 1 1 1 1006 2 1 2 19 2 783 3 195 2 2 2
37 3 2 1 1 5340 2 1 2 19 2 101 2 104 4 1 1
53 4 2 2 1 2430 2 2 2 19 2 73 2 145 3 1 1
46 5 3 2 1 111 2 1 2 19 2 178 3 183 2 2 1
40 1 2 2 1 664 1 1 2 19 2 188 2 121 2 3 1
50 3 1 1 1 -470 2 1 2 19 2 130 2 160 1 1 1
30 3 1 1 1 2451 2 1 2 19 2 191 2 175 1 1 1
58 9 3 3 1 2538 2 1 2 19 2 680 2 111 6 1 2
54 9 1 2 1 2626 1 1 2 19 2 221 2 190 2 1 1
47 4 1 2 1 3696 2 1 2 19 2 635 3 170 2 1 1
39 3 1 1 1 12855 2 1 2 19 2 108 4 173 1 1 1
39 1 1 2 1 -982 2 2 2 19 2 287 3 117 2 2 1
39 3 2 1 1 633 1 1 2 19 2 105 2 133 3 1 1
39 4 1 2 1 747 2 2 2 19 2 209 2 180 1 2 1
50 4 1 1 1 1784 1 1 2 19 2 1184 3 160 1 1 1
39 3 3 1 1 1315 2 1 2 19 2 1337 4 126 1 1 1
33 3 2 1 1 923 2 1 2 19 2 1307 3 173 6 1 1
45 3 1 1 1 7154 2 1 2 19 2 93 3 111 3 1 1
59 7 1 3 1 0 1 1 1 19 2 207 2 153 1 1 1
53 3 1 1 1 2578 1 1 2 19 2 299 4 107 2 1 1
37 3 1 2 1 510 2 1 2 19 2 67 2 90 6 1 1
54 10 1 3 1 277 2 1 2 19 2 300 5 170 3 1 1
42 4 1 3 1 792 2 2 2 19 2 611 2 175 12 2 1
39 3 3 1 1 4692 2 1 1 19 2 214 2 174 2 3 1
39 8 1 2 1 4136 2 1 2 19 2 194 2 170 3 1 1
31 2 1 2 1 395 1 1 1 19 2 196 3 117 3 1 1
33 3 1 1 1 621 1 1 2 19 2 1435 3 99 5 1 1
49 4 1 2 1 4259 1 1 2 19 2 146 3 111 7 1 1
40 3 1 1 1 3352 2 1 2 19 2 639 2 27 1 3 2
37 8 3 2 1 226 1 2 2 19 2 380 2 167 3 2 1
35 3 1 1 1 552 2 2 2 19 2 314 2 124 1 1 1
35 2 1 3 1 31 1 2 2 19 2 131 3 133 3 1 1
44 4 1 2 1 6491 2 1 2 19 2 126 2 174 1 1 1
46 10 3 1 1 926 2 1 2 19 2 168 2 153 1 2 1
45 7 1 1 1 3689 2 1 2 19 2 517 2 187 3 1 1
44 4 2 3 1 1593 2 1 2 19 2 201 2 174 3 3 1
58 4 1 2 1 1507 2 2 2 19 2 255 6 189 1 2 1
37 5 1 2 1 5287 2 2 2 19 2 599 4 100 2 1 1
53 7 1 3 1 1034 2 1 2 19 2 854 2 170 3 2 1
55 7 1 1 1 625 1 1 1 20 2 88 2 147 4 1 1
38 7 1 1 1 898 2 1 2 20 2 80 5 198 2 1 1
35 3 1 1 1 867 2 1 2 20 2 298 2 171 3 3 1
31 3 1 1 1 1224 2 2 2 20 2 75 2 119 2 3 1
36 1 2 2 1 10041 2 1 2 20 2 91 2 184 1 2 1
44 5 1 1 1 0 2 2 2 20 2 286 6 191 2 1 1
30 5 3 2 1 3100 2 1 2 20 2 125 1 183 4 1 1
32 5 1 2 1 344 2 1 2 20 2 179 1 197 1 1 1
35 3 3 1 1 146 1 1 2 20 2 392 2 106 2 3 1
32 5 1 1 1 4654 2 2 2 20 2 276 1 128 2 1 2
34 1 2 2 1 296 1 1 2 20 2 68 1 136 4 1 1
55 10 1 2 1 12159 2 1 2 20 2 142 2 174 2 1 1
38 5 2 1 1 5122 2 1 2 20 2 370 1 184 1 1 1
34 3 2 1 1 673 2 2 2 20 2 271 1 184 1 1 1
37 4 1 3 1 8135 2 1 2 20 2 358 1 184 1 1 1
30 3 1 1 1 196 1 1 2 20 2 68 1 101 4 2 1
41 4 1 3 1 2562 2 1 2 20 2 157 1 189 4 1 1
41 3 2 1 1 195 1 1 2 20 2 125 1 167 2 1 1
34 7 1 2 1 3119 2 1 2 20 2 505 1 183 4 1 1
35 10 2 1 1 935 2 1 2 20 2 71 1 176 2 1 1
30 3 1 2 1 11391 2 1 2 20 2 319 1 105 2 2 1
30 4 1 3 1 5956 2 2 2 20 2 405 1 139 1 1 1
34 1 1 2 1 3185 2 1 2 20 2 93 1 191 1 1 1
46 4 1 3 1 2558 2 1 1 20 2 107 1 167 1 2 1
31 2 2 2 1 481 2 1 2 20 2 106 2 183 2 1 1
39 4 1 2 1 660 2 2 2 20 2 180 1 185 2 1 1
52 3 1 3 2 57 2 2 2 20 2 45 1 196 1 1 1
42 4 1 2 1 3 2 1 1 20 2 47 1 190 1 1 1
40 5 2 2 1 572 1 1 2 20 2 67 1 91 2 1 1
33 5 1 2 1 3071 2 2 2 20 2 46 2 122 1 1 1
32 4 1 3 1 187 1 1 2 20 2 485 1 134 1 1 1
33 4 1 3 1 5151 2 2 2 20 2 73 1 178 4 1 1
32 4 1 3 1 2085 2 2 2 20 2 146 1 185 3 1 1
39 5 2 2 1 1104 1 1 2 20 2 333 2 105 2 3 1
39 2 3 2 1 892 2 1 2 20 2 34 1 171 1 1 1
45 3 1 1 1 96 2 1 2 20 2 167 1 127 1 1 1
32 3 2 1 1 574 2 1 2 20 2 171 1 127 2 1 1
50 3 1 2 1 0 2 1 2 20 2 152 1 190 1 1 1
33 5 1 1 1 6843 1 1 2 20 2 755 1 100 10 2 2
47 5 1 2 1 1465 2 1 2 20 2 26 1 190 2 1 1
30 2 1 2 1 586 2 1 2 20 2 148 6 176 4 1 1
32 4 1 2 1 0 2 1 2 20 2 189 1 170 1 2 1
41 4 1 3 1 7735 2 1 2 20 2 220 1 190 1 1 1
37 7 1 1 1 264 2 2 2 20 2 276 1 157 1 1 1
30 4 1 2 1 501 2 2 2 20 2 994 1 177 1 1 2
38 10 1 2 1 215 2 1 2 20 2 70 1 167 1 1 1
48 2 3 2 1 4906 2 1 2 20 2 200 1 190 1 1 1
31 2 2 2 1 900 2 1 2 20 2 321 2 190 4 2 1
38 4 1 3 1 433 1 1 2 20 2 81 2 136 3 1 1
35 4 1 2 1 5304 2 1 2 20 2 340 1 183 2 1 1
34 2 3 2 1 797 2 1 2 20 2 88 1 126 1 1 1
31 5 1 2 1 450 1 2 2 20 2 111 2 129 4 1 1
39 4 2 2 1 519 2 2 2 20 2 149 1 155 14 1 1
31 7 1 2 1 1539 2 2 2 20 2 67 6 177 9 1 1
32 2 1 2 1 11512 2 1 2 20 2 301 1 183 1 1 1
52 7 1 1 1 1115 2 1 2 20 2 69 1 164 2 1 1
31 4 2 2 1 5607 1 1 2 20 2 183 2 184 1 1 1
30 2 1 3 1 1015 2 1 2 20 2 24 1 113 8 1 1
50 10 1 2 1 1878 2 2 2 20 2 45 2 181 11 1 1
41 4 2 2 1 98 1 2 2 20 2 180 1 122 6 1 1
46 5 1 1 1 0 1 1 2 20 2 531 1 167 1 1 2
37 1 2 2 1 862 1 1 2 20 2 85 1 122 2 1 1
39 4 3 3 1 1317 2 1 2 20 2 543 1 170 4 2 2
46 5 3 2 1 3455 2 1 2 20 2 120 4 190 2 1 1
32 6 2 2 1 1249 2 1 2 20 2 160 1 171 4 2 1
44 2 1 2 1 -230 2 2 2 20 2 352 1 177 1 1 1
36 6 1 2 1 -872 2 2 2 20 2 153 1 183 1 1 1
50 4 1 3 1 2590 2 1 1 20 2 281 2 195 6 1 1
55 3 1 1 1 10065 1 1 2 20 2 197 5 177 3 1 1
32 4 2 2 1 3201 2 1 2 20 2 98 1 178 5 1 1
34 3 1 1 1 273 2 1 2 20 2 308 1 188 1 3 1
35 5 2 2 1 -476 2 1 2 20 2 57 6 177 4 1 1
44 2 1 2 1 -289 1 2 2 20 2 487 1 118 1 2 1
53 4 1 2 1 21522 1 1 2 20 2 83 3 149 4 1 1
55 1 3 2 1 166 1 1 2 20 2 324 7 153 4 1 1
37 5 2 2 1 -272 1 2 2 20 2 104 3 139 6 1 1
33 7 1 1 1 4465 2 1 2 20 2 161 1 183 2 1 1
43 4 1 2 1 699 2 2 2 20 2 1258 2 122 2 2 2
33 5 3 2 1 557 2 1 2 20 2 89 1 91 1 1 1
40 5 1 2 1 4441 2 1 2 20 2 153 2 183 2 1 1
53 4 1 2 1 3815 1 1 1 20 2 75 2 149 3 1 1
47 4 1 3 1 2 2 2 2 20 2 661 4 190 1 1 1
33 1 1 2 1 2711 1 1 2 20 2 184 1 104 1 1 1
38 2 3 3 1 0 2 1 2 20 2 250 1 155 2 1 1
55 1 1 2 1 1102 2 1 2 20 2 195 1 189 2 1 1
57 2 2 2 1 2236 2 1 1 20 2 51 8 190 2 1 1
40 1 1 2 1 7711 2 1 2 20 2 190 5 135 1 1 1
34 10 1 1 1 1545 2 1 2 20 2 895 1 183 2 1 1
32 3 2 1 1 12686 2 1 2 20 2 176 1 170 1 1 1
38 7 1 1 1 1110 2 1 2 20 2 888 2 183 2 1 2
51 5 1 2 1 -153 1 1 2 20 2 72 2 92 4 1 1
37 7 1 1 1 836 2 1 2 20 2 223 1 177 2 1 1
44 5 1 2 1 7876 2 1 2 20 2 212 1 101 2 1 1
37 5 3 2 1 3068 2 2 2 20 2 370 2 195 1 2 2
32 2 1 2 1 983 2 1 2 20 2 500 2 133 1 1 2
43 10 1 2 1 5704 2 1 2 20 2 154 3 106 2 1 1
33 11 2 1 1 3404 2 1 2 20 2 105 2 171 3 1 1
34 3 1 2 1 56 2 1 2 20 2 311 3 183 1 1 1
37 6 1 2 1 2424 1 1 2 20 2 633 2 156 2 2 1
51 7 1 1 1 6659 2 2 2 20 2 191 2 189 1 1 1
58 9 1 1 1 5087 1 1 2 20 2 63 2 154 1 1 1
35 1 1 2 1 725 2 1 2 20 2 219 7 133 1 1 1
59 9 1 2 1 0 1 1 2 20 2 363 2 100 6 2 1
31 5 2 1 1 438 2 1 2 20 2 165 1 100 2 1 1
45 5 1 2 1 999 2 1 2 20 2 215 6 188 2 1 1
44 10 2 1 1 18558 2 1 2 20 2 51 1 190 4 2 1
52 8 1 2 1 3923 2 1 2 20 2 20 8 190 3 3 1
39 3 3 1 1 155 2 1 2 20 2 20 6 153 26 1 1
38 4 1 2 1 789 2 1 2 20 2 120 4 196 1 2 1
44 4 1 2 1 3060 2 1 2 20 2 113 1 189 2 1 1
40 3 3 1 1 9541 1 1 2 20 2 128 2 189 1 1 1
37 5 1 2 1 1016 2 2 2 20 2 195 3 8 1 1 1
51 7 1 2 1 653 2 1 2 20 2 16 9 112 37 2 1
38 4 1 3 1 3289 1 1 2 20 2 340 2 164 2 1 1
36 1 1 2 1 1954 2 2 2 20 2 158 2 174 3 1 1
52 2 3 2 1 1527 1 2 2 20 2 276 1 122 1 2 1
47 4 1 2 1 2428 2 1 2 20 2 9 6 177 16 2 1
50 5 1 1 1 3117 1 1 2 20 2 44 2 164 1 1 1
49 6 1 1 1 -471 2 1 2 20 2 77 3 185 7 1 1
31 1 1 2 1 3052 2 2 2 20 2 115 2 177 2 1 1
39 10 1 2 1 31 2 1 2 20 2 61 2 181 4 1 1
37 4 3 2 1 33 2 1 2 20 2 106 2 167 1 1 1
41 3 1 1 1 666 2 1 2 20 2 106 3 183 3 1 1
53 7 1 2 1 111 2 1 2 20 2 600 3 189 2 1 1
36 4 2 1 1 3649 2 1 2 20 2 399 2 156 2 1 1
43 3 1 1 1 5670 2 1 2 20 2 43 4 189 2 1 1
34 3 1 1 1 1433 1 1 2 20 2 111 3 104 3 1 1
43 4 1 2 1 3311 2 1 1 20 2 105 2 184 3 2 1
45 7 3 1 1 1273 2 2 2 20 2 206 2 162 3 1 1
32 4 2 2 1 6982 2 1 2 20 2 224 2 183 1 1 1
35 4 1 2 1 911 2 1 2 20 2 434 2 181 5 2 1
33 4 1 2 1 3514 2 1 2 20 2 214 2 184 2 1 1
32 4 2 2 1 2696 2 1 2 20 2 564 2 183 1 1 1
31 5 2 1 1 1887 1 2 2 20 2 225 2 183 1 1 1
54 4 3 3 1 10374 2 1 2 20 2 283 2 189 2 2 1
47 6 1 2 1 3533 2 1 2 20 2 319 1 100 2 1 1
55 7 1 1 1 3459 2 2 2 20 2 88 2 112 3 2 1
38 5 1 1 1 -3 1 1 2 20 2 251 2 101 3 1 1
35 2 1 2 1 142 2 1 2 20 2 315 2 196 4 1 1
39 3 2 1 1 889 1 1 2 20 2 78 2 185 4 1 1
44 3 3 1 1 6285 2 1 2 20 2 136 3 125 2 2 1
58 5 1 2 1 5618 2 1 2 20 2 361 2 189 1 1 1
56 4 3 3 1 12 1 1 2 20 2 282 2 135 1 1 1
40 2 1 2 1 5248 2 2 2 20 2 194 4 188 8 2 1
31 6 1 2 1 314 2 1 2 20 2 1341 3 178 7 1 2
35 3 1 1 1 0 2 1 2 20 2 197 4 30 1 1 1
34 1 2 2 1 4436 2 1 2 20 2 292 2 178 6 1 1
43 7 2 1 1 744 1 2 2 20 2 90 4 114 4 1 1
32 4 2 2 1 5252 2 1 2 20 2 232 2 183 2 1 1
53 5 1 2 1 3398 1 2 1 20 2 88 6 113 13 2 1
51 1 1 2 1 4178 2 1 2 20 2 167 4 174 1 1 1
56 2 1 2 1 4763 2 1 1 20 2 233 4 115 6 1 1
42 1 3 2 2 723 1 1 2 20 2 298 2 112 2 2 1
36 4 3 3 1 3202 2 1 2 20 2 690 3 183 2 1 1
41 5 2 2 1 769 1 2 2 20 2 222 4 98 4 2 1
37 5 3 2 1 1559 2 1 2 20 2 178 2 170 8 2 1
44 5 1 1 1 4580 2 1 2 20 2 192 2 189 2 3 1
46 4 1 3 1 676 2 1 2 20 2 825 6 174 4 1 1
53 3 1 1 1 3366 1 1 1 20 2 278 6 112 2 1 1
57 5 2 2 1 3499 2 1 2 20 2 104 4 175 3 1 1
37 3 2 1 1 1093 2 1 2 21 2 21 6 113 2 2 1
30 1 1 2 1 111 1 2 2 21 2 86 3 133 1 1 1
42 3 1 1 1 4014 2 1 2 21 2 149 4 186 1 2 1
55 5 1 2 1 6958 2 2 2 21 2 325 5 192 2 1 1
38 4 2 2 1 5133 2 1 2 21 2 87 2 168 2 2 1
53 3 2 2 1 5558 2 1 2 21 2 81 6 189 3 1 1
44 2 2 2 1 5045 2 1 2 21 2 20 6 175 15 2 1
35 3 2 2 1 356 2 1 2 21 2 20 5 114 7 1 1
45 8 1 1 1 460 1 1 2 21 2 312 3 157 1 1 1
31 3 2 1 1 5691 2 1 2 21 2 37 2 123 1 1 1
40 2 1 2 1 87 2 2 2 21 2 116 2 113 4 1 1
37 7 1 2 1 680 2 2 2 21 2 21 11 185 1 2 1
50 3 3 1 1 2564 2 1 2 21 2 124 4 113 8 1 1
37 1 2 2 1 1560 2 1 2 21 2 67 1 163 2 1 1
50 4 1 3 1 12519 2 1 2 21 2 615 3 34 1 1 2
36 5 1 1 1 62 1 1 2 21 2 50 2 121 2 1 1
47 5 1 1 2 -813 2 2 2 21 2 85 2 158 25 1 1
39 4 1 2 1 5222 2 1 2 21 2 239 2 177 1 1 1
31 3 2 1 1 3967 2 1 2 21 2 859 1 182 1 1 1
31 5 2 2 1 1447 2 1 2 21 2 225 2 95 13 2 1
45 3 3 1 1 2096 1 1 2 21 2 127 1 100 2 1 1
31 7 2 1 2 -405 2 2 2 21 2 846 1 100 2 3 1
47 5 1 2 1 0 1 1 2 21 2 591 1 10 1 1 2
30 4 2 3 1 1395 2 1 2 21 2 569 1 175 3 2 1
42 10 1 2 1 2812 2 1 2 21 2 46 4 171 1 1 1
46 2 1 2 1 22 2 1 2 21 2 153 1 197 3 1 1
53 3 1 1 1 1945 1 1 2 21 2 22 4 106 7 1 1
32 4 1 3 1 1261 2 1 2 21 2 104 1 182 1 1 1
31 4 1 3 1 2198 1 1 2 21 2 423 2 172 2 1 1
33 5 2 2 1 2481 1 1 2 21 2 113 1 101 2 1 1
40 2 1 2 1 10406 1 1 2 21 2 348 2 127 4 2 1
33 2 1 2 1 255 2 2 2 21 2 588 2 184 2 1 1
59 3 1 1 1 7049 1 1 2 21 2 530 1 163 2 1 2
35 4 2 3 1 2040 1 1 2 21 2 258 1 157 4 1 1
37 8 3 2 1 1040 2 1 2 21 2 567 1 184 1 2 1
30 6 3 1 1 1718 2 1 2 21 2 73 4 126 2 1 1
49 3 1 1 1 1105 2 1 2 21 2 13 3 113 2 2 1
52 8 1 2 1 1752 1 2 1 21 2 346 4 123 8 1 1
40 7 1 1 1 2644 2 1 2 21 2 110 2 185 1 1 1
31 10 1 1 1 5 2 2 2 21 2 635 1 135 2 1 2
32 2 3 2 1 5267 2 1 2 21 2 183 1 168 2 1 1
30 5 1 2 1 239 2 1 2 21 2 302 2 95 8 1 1
30 3 1 1 1 1942 2 2 2 21 2 436 2 178 3 2 2
43 3 1 1 1 78 2 1 2 21 2 36 1 109 1 2 1
45 4 1 2 1 243 1 1 2 21 2 46 1 163 1 2 1
44 4 1 2 1 701 1 2 2 21 2 103 1 141 2 1 1
47 7 1 1 1 2518 2 2 2 21 2 132 1 186 1 2 1
31 7 2 2 1 159 2 1 2 21 2 66 1 182 1 1 1
38 4 3 2 1 814 2 1 2 21 2 1166 1 155 3 2 1
34 3 2 1 1 966 2 1 2 21 2 393 1 101 3 1 1
41 5 1 2 1 636 2 1 2 21 2 1055 1 177 1 2 1
48 5 1 2 1 4265 2 1 2 21 2 327 1 192 2 1 1
32 3 2 1 1 3050 2 1 2 21 2 58 1 182 1 1 1
49 6 1 2 1 13818 1 1 2 21 2 201 1 113 2 1 1
34 3 2 1 1 3679 2 1 2 21 2 146 1 101 1 1 1
31 3 1 2 1 8629 2 1 2 21 2 957 1 184 2 1 2
34 3 3 2 1 124 2 1 2 21 2 56 1 163 4 2 1
53 4 1 2 1 1777 2 1 2 21 2 796 5 154 1 1 2
35 5 1 2 1 15474 1 1 2 21 2 89 1 92 2 2 1
45 1 1 2 1 857 2 1 2 21 2 169 1 92 20 2 1
34 2 1 2 1 -508 2 1 2 21 2 144 6 185 2 1 1
37 4 1 2 1 0 2 1 2 21 2 169 1 113 5 2 1
47 4 1 2 1 2944 1 1 2 21 2 57 7 154 5 1 1
52 2 3 2 1 2455 1 1 1 21 2 76 1 119 1 1 1
48 5 1 3 1 1375 2 2 2 21 2 73 1 172 2 1 1
40 2 2 2 1 19343 2 1 2 21 2 13 4 179 4 1 1
45 5 3 2 1 1738 1 1 2 21 2 79 1 106 2 1 1
54 5 1 2 1 230 1 2 2 21 2 401 1 100 2 1 1
30 5 1 2 1 274 2 2 2 21 2 105 5 102 2 1 1
38 7 1 1 1 1514 1 2 2 21 2 160 3 120 3 1 1
31 1 1 2 1 457 2 1 2 21 2 283 1 171 5 1 1
40 5 1 2 1 372 2 1 2 21 2 365 1 100 2 1 1
31 3 1 1 1 4148 2 1 2 21 2 316 3 99 9 2 2
37 3 1 1 1 489 2 1 2 21 2 202 1 106 5 1 1
33 4 1 3 1 2456 2 1 2 21 2 552 3 127 1 1 1
54 4 1 3 1 836 2 1 1 21 2 312 1 130 3 2 1
45 3 1 1 1 2220 2 1 2 21 2 89 1 133 2 1 1
40 4 1 2 1 -605 2 2 2 21 2 79 1 171 1 1 1
53 4 1 2 1 1027 1 1 2 21 2 102 1 121 1 1 1
35 4 1 2 1 80 2 2 2 21 2 38 2 172 2 1 1
41 3 1 1 1 832 2 2 2 21 2 164 1 176 1 1 1
32 3 2 1 1 616 2 1 2 21 2 186 2 109 1 2 1
50 5 1 2 1 2497 2 1 2 21 2 35 1 176 1 1 1
31 4 1 2 1 3653 2 2 2 21 2 252 1 168 4 1 1
35 10 2 1 1 1129 2 1 2 21 2 64 2 184 2 1 1
33 4 3 2 1 86 1 2 2 21 2 183 3 186 1 1 1
31 5 2 1 1 1166 2 1 2 21 2 119 2 171 1 1 1
47 5 1 2 1 834 1 2 2 21 2 902 1 133 2 2 2
34 5 1 2 1 5553 2 1 2 21 2 798 2 182 5 1 1
49 1 3 2 1 771 2 1 2 21 2 264 2 172 1 1 1
47 4 1 3 1 333 2 1 2 21 2 118 1 113 4 1 1
37 4 1 2 1 2066 2 2 2 21 2 10 7 113 5 1 1
40 3 1 2 1 752 1 2 2 21 2 456 1 157 1 1 1
40 2 1 2 1 9374 2 1 2 21 2 7 8 185 1 1 1
35 3 1 1 1 0 2 1 2 21 2 189 1 128 2 2 1
51 5 2 1 1 11222 2 1 2 21 2 126 2 171 7 1 1
36 1 2 2 1 0 2 2 2 21 2 109 1 189 1 1 1
39 3 1 1 2 47 1 1 2 21 2 28 3 158 3 1 1
30 3 1 1 1 6432 2 1 2 21 2 206 2 119 3 2 1
48 4 1 2 1 2697 2 2 2 21 2 82 1 179 5 1 1
38 3 3 1 1 554 1 1 2 21 2 45 1 101 4 1 1
36 3 3 1 1 210 2 1 1 21 2 62 1 127 2 1 1
39 3 2 1 1 26 2 2 2 21 2 52 1 179 4 1 1
33 5 2 2 1 920 2 1 2 21 2 58 1 122 4 1 1
39 2 1 3 1 1601 2 1 2 21 2 219 2 182 2 1 1
30 3 1 2 1 -559 2 2 2 21 2 531 1 184 1 1 1
43 1 1 2 1 -150 1 2 2 21 2 62 2 136 3 1 1
43 1 3 1 1 1440 2 2 2 21 2 149 1 175 1 1 1
38 1 1 2 1 505 2 2 2 21 2 119 1 157 2 1 1
57 2 1 2 1 2658 2 1 2 21 2 107 1 190 1 1 1
33 2 2 2 1 3269 1 2 2 21 2 381 1 126 1 1 1
33 1 3 2 1 335 2 1 2 21 2 347 1 184 2 1 1
32 5 1 2 1 253 2 1 2 21 2 76 1 170 3 1 1
47 5 1 2 1 1059 2 1 2 21 2 58 1 127 1 1 1
32 3 1 1 1 2737 2 2 2 21 2 44 4 182 1 1 1
31 3 2 1 1 6542 2 1 2 21 2 71 3 192 2 2 1
58 3 3 1 1 26254 2 1 2 21 2 53 1 31 1 1 1
33 3 2 1 1 437 2 1 2 21 2 285 1 179 4 2 1
40 4 1 3 1 -616 2 1 2 21 2 182 1 157 2 1 1
39 2 2 2 1 158 2 1 2 21 2 183 1 168 2 1 1
38 5 1 2 1 1 2 1 2 21 2 57 5 199 1 3 1
38 2 1 2 1 5293 2 1 2 21 2 1199 3 155 3 2 1
40 3 1 2 1 9047 2 1 2 21 2 527 1 95 2 2 1
36 5 1 2 1 1497 1 2 2 21 2 455 2 94 3 2 1
52 3 1 1 1 2428 2 1 2 21 2 294 1 116 3 1 1
34 5 3 2 1 7 2 2 2 21 2 94 2 199 1 1 1
54 9 1 3 1 235 1 2 2 21 2 353 2 113 5 1 1
39 1 1 2 1 2319 1 1 2 21 2 48 1 137 1 1 1
43 3 2 1 1 146 1 1 2 21 2 50 1 113 5 2 1
41 2 1 2 1 6687 2 1 2 21 2 41 2 123 3 1 1
55 4 3 3 1 2227 2 1 1 21 2 148 3 172 3 1 1
32 2 1 2 1 1076 1 1 2 21 2 906 1 129 3 1 1
40 10 1 1 1 271 2 1 2 21 2 124 3 102 4 1 1
45 1 2 2 1 946 2 1 2 21 2 56 2 175 4 1 1
37 7 2 1 1 65 1 1 2 21 2 20 10 113 4 1 1
41 1 2 2 1 748 1 1 1 21 2 94 7 130 3 2 1
32 1 1 1 1 118 1 1 2 21 2 383 4 176 10 1 1
53 4 1 2 1 3036 2 1 2 21 2 104 2 190 1 2 1
52 3 1 1 1 1065 2 2 2 21 2 224 2 175 1 1 1
57 3 1 1 1 3431 2 1 2 21 2 55 2 189 1 1 1
40 3 1 2 1 4025 2 1 2 21 2 139 2 129 4 1 1
32 3 3 1 1 874 1 1 2 21 2 366 3 101 6 3 1
41 4 1 2 1 1539 2 1 2 21 2 139 6 130 3 1 1
31 1 2 2 1 144 2 1 2 21 2 51 2 140 11 1 1
59 4 1 2 1 10054 1 1 2 21 2 175 3 100 6 1 1
55 9 3 2 1 1580 1 2 2 21 2 82 5 155 1 3 1
40 2 1 2 1 0 2 1 2 21 2 43 1 185 2 1 1
30 3 2 1 1 9634 1 1 2 21 2 402 4 101 5 1 1
45 2 3 2 1 0 2 2 2 21 2 173 1 192 1 1 1
34 1 2 2 1 892 2 1 2 21 2 177 2 184 1 1 1
58 3 3 1 1 50 2 1 2 21 2 675 4 171 4 1 1
37 2 2 2 1 105 1 2 2 21 2 197 2 157 4 1 1
31 2 1 2 1 490 2 1 2 21 2 394 5 179 2 2 1
32 1 1 2 1 752 2 1 2 21 2 82 4 191 1 1 1
40 1 2 2 1 1200 2 1 2 21 2 163 2 156 8 1 1
52 4 1 3 1 4793 2 1 1 21 2 61 3 168 2 1 1
44 4 1 3 1 0 2 2 2 21 2 32 2 116 3 2 1
45 5 2 1 1 302 2 1 2 21 2 22 2 154 4 1 1
41 5 1 2 1 2125 2 2 2 21 2 285 3 116 4 1 1
42 6 1 2 1 8131 2 1 2 21 2 173 4 175 1 1 1
34 7 2 1 1 714 2 1 2 21 2 122 3 193 4 1 1
43 1 3 2 1 738 2 1 2 21 2 585 4 191 4 1 1
55 3 2 1 1 4847 2 1 2 21 2 18 4 106 2 2 1
37 5 2 2 1 363 2 1 2 21 2 39 4 182 3 1 1
55 8 3 1 1 1241 1 1 2 21 2 48 7 154 5 1 1
58 3 1 1 1 1602 1 1 2 21 2 1032 10 115 3 1 1
36 3 1 1 1 396 1 1 2 21 2 64 2 100 5 1 1
33 5 3 2 1 558 2 1 2 21 2 258 2 93 3 1 1
31 3 2 1 1 2085 2 1 2 21 2 639 2 93 4 1 1
30 4 1 3 1 2929 2 1 2 21 2 432 2 184 1 2 1
54 3 1 1 1 1114 2 1 2 21 2 1195 2 175 1 2 1
30 5 1 2 1 817 2 1 2 21 2 208 3 91 4 1 1
40 1 2 2 1 877 2 1 2 21 2 12 3 177 6 1 1
38 8 3 1 1 4312 1 1 2 21 2 407 4 182 2 2 1
45 4 1 2 1 2246 2 2 2 21 2 197 2 99 2 2 1
35 3 3 1 1 538 2 1 2 21 2 109 2 193 4 1 1
47 4 1 2 1 473 2 1 2 21 2 127 2 176 2 2 1
50 3 1 1 1 4374 2 1 2 21 2 163 2 113 3 1 1
46 5 1 2 1 15120 1 1 2 21 2 27 3 108 3 2 1
42 4 1 3 1 -571 2 2 1 21 2 136 2 179 4 1 1
33 4 1 3 1 1903 2 1 2 21 2 337 2 182 3 1 1
37 4 1 3 1 1322 2 1 2 21 2 14 8 185 1 2 1
45 4 1 2 1 392 2 1 2 21 2 391 2 127 2 1 1
32 2 2 2 1 344 1 2 2 21 2 21 7 141 9 2 1
32 2 1 2 1 3181 2 1 2 21 2 118 2 176 7 1 1
35 5 2 2 1 1183 2 1 2 21 2 21 3 185 2 1 1
55 6 1 1 1 4809 2 1 2 21 2 223 2 186 3 2 1
33 3 3 1 1 0 2 2 2 21 2 211 7 94 8 1 1
42 10 3 2 1 484 2 1 2 21 2 321 3 127 3 1 1
50 4 1 3 1 0 1 1 2 21 2 281 2 191 2 1 1
34 3 1 1 1 714 2 1 2 21 2 328 4 113 27 1 1
41 7 1 2 1 0 2 2 2 21 2 12 5 190 1 1 1
47 8 1 1 1 333 1 1 1 21 2 8 5 137 1 1 1
37 3 2 1 1 2173 1 1 2 21 2 158 3 114 1 1 1
37 4 2 2 1 3111 2 1 2 21 2 9 3 185 2 1 1
35 5 1 2 1 587 1 2 2 21 2 23 8 126 5 2 1
49 2 1 3 1 0 2 1 2 21 2 13 2 192 1 2 1
53 5 3 2 1 173 1 2 2 21 2 412 2 143 1 1 1
57 2 3 2 1 4664 1 1 2 21 2 22 4 114 1 1 1
46 5 3 1 1 0 2 1 2 21 2 234 5 102 5 1 1
37 2 1 1 1 0 2 1 2 21 2 11 3 175 1 1 1
56 4 1 2 1 1521 2 2 2 21 2 19 2 179 3 2 1
38 2 3 2 1 8554 2 1 2 21 2 29 2 176 4 2 1
38 5 1 2 1 1063 2 1 2 21 2 51 5 113 2 1 1
34 4 1 3 1 2720 2 1 2 21 2 147 2 179 3 1 1
36 3 1 1 1 0 2 1 2 21 2 72 3 29 4 3 1
50 5 1 3 1 -315 1 2 2 21 2 61 7 136 1 1 1
50 1 3 2 1 797 2 1 1 21 2 205 3 119 8 1 1
59 3 1 1 1 2143 2 1 2 28 3 59 1 268 1 1 1
40 3 1 1 1 378 2 2 2 28 3 260 1 268 2 1 1
42 6 3 2 1 759 1 1 2 28 3 97 1 169 3 1 1
43 5 3 2 1 87 2 1 2 28 3 130 1 247 2 1 1
59 2 3 2 1 1 2 1 2 28 3 602 1 253 5 2 2
38 4 3 2 1 316 2 1 2 28 3 223 1 247 2 3 1
43 7 3 1 1 626 2 1 2 28 3 72 1 167 2 1 1
40 5 2 2 1 2017 2 1 2 28 3 105 1 244 1 2 1
38 4 1 2 1 67 1 1 2 28 3 74 1 239 2 1 1
57 5 1 2 1 589 2 1 2 28 3 198 1 244 1 2 1
48 2 1 2 1 651 1 2 2 28 3 228 1 196 2 1 1
53 5 3 2 1 392 2 1 2 28 3 70 1 245 1 1 1
33 4 1 2 2 -354 2 2 2 28 3 104 1 245 2 1 1
37 3 1 1 1 -76 2 1 2 28 3 230 1 204 1 2 1
57 2 3 3 1 362 1 1 2 28 3 91 1 231 1 1 1
52 2 1 2 1 393 2 2 2 28 3 446 1 182 8 1 1
43 3 1 1 1 344 2 2 2 28 3 282 1 238 2 1 1
46 5 3 2 1 741 2 1 2 28 3 83 1 258 1 2 1
48 5 1 2 1 0 2 1 2 28 3 123 1 204 1 1 1
43 2 1 2 1 2478 2 1 2 28 3 347 1 230 1 1 1
33 1 1 2 1 4012 1 2 2 28 3 90 1 265 4 1 1
47 4 1 3 1 1452 2 2 2 28 3 181 1 177 2 1 1
53 10 1 1 1 1672 1 1 2 28 3 176 1 189 1 1 1
52 5 1 2 1 98 2 1 2 28 3 103 1 245 2 1 1
58 9 1 2 1 374 2 2 2 28 3 223 1 196 1 1 1
54 7 1 1 1 1129 1 2 2 28 3 242 1 184 8 1 1
56 6 1 2 1 -246 1 2 2 28 3 461 2 204 2 1 1
31 6 1 2 1 20 1 1 2 28 3 304 1 71 1 1 1
31 5 1 2 1 0 2 2 2 28 3 71 1 223 9 2 1
38 4 1 2 1 105 2 1 2 28 3 158 1 265 2 1 1
38 3 1 1 1 1066 2 1 2 28 3 86 1 189 1 1 1
51 1 1 2 1 176 1 1 2 28 3 214 1 183 2 1 1
44 1 1 2 1 429 2 1 2 28 3 99 1 246 4 1 1
53 8 1 1 1 554 1 1 2 28 3 48 1 181 5 1 1
60 10 1 3 1 362 1 2 2 28 3 326 1 183 6 3 1
35 3 1 1 1 436 1 2 2 28 3 507 1 184 4 1 1
48 3 2 1 1 -295 1 2 2 28 3 121 1 190 2 1 1
57 4 1 2 1 1316 1 1 2 28 3 221 2 182 5 1 1
57 4 1 2 1 297 1 2 1 28 3 120 2 154 16 1 1
37 2 2 2 1 62 2 1 2 28 3 252 2 268 2 1 1
46 3 2 1 1 625 1 1 2 28 3 107 1 163 5 2 1
59 1 1 2 1 1455 2 1 2 28 3 222 2 191 1 1 1
52 1 1 2 1 199 1 1 2 28 3 978 2 189 1 2 1
44 7 1 1 1 3463 2 2 2 28 3 290 2 153 3 1 1
30 1 2 2 1 732 2 1 2 28 3 445 1 223 1 1 1
37 4 1 2 1 417 1 1 2 28 3 389 1 181 5 1 1
48 5 1 2 1 547 1 1 2 28 3 74 1 176 2 1 1
41 10 2 1 1 1616 1 1 1 28 3 229 1 184 7 3 1
36 3 1 1 1 0 2 1 2 28 3 60 1 250 1 2 1
47 5 1 2 1 487 1 1 2 28 3 218 2 177 1 1 1
59 4 1 3 1 699 1 1 2 28 3 98 1 154 6 1 1
33 4 1 2 1 0 2 1 2 28 3 176 1 266 1 2 1
55 5 1 2 1 3207 1 1 2 28 3 158 2 153 12 1 1
49 5 1 2 1 177 2 2 2 28 3 90 1 204 1 1 1
41 1 2 2 1 219 2 1 2 28 3 119 1 268 1 2 1
42 5 1 2 1 799 1 1 2 28 3 234 1 181 6 1 1
56 5 2 1 1 -528 1 1 2 28 3 290 2 184 2 1 1
26 4 2 2 1 0 2 1 2 28 3 148 2 258 2 1 1
48 3 3 2 1 769 1 2 2 28 3 58 2 184 15 2 1
41 5 1 2 1 0 1 1 2 28 3 411 2 156 8 2 1
52 3 1 1 1 1392 1 1 2 28 3 1121 2 205 3 1 1
45 3 1 2 1 672 2 1 1 28 3 227 3 187 1 2 1
44 5 1 2 1 -199 1 1 2 28 3 692 2 247 3 1 1
50 5 1 2 1 -70 2 2 2 28 3 391 2 191 1 1 1
40 4 2 3 1 366 2 2 2 28 3 168 2 205 1 1 1
47 5 1 2 1 644 1 1 1 28 3 54 3 160 13 1 1
31 3 2 1 1 308 2 2 2 28 3 262 2 268 2 2 1
29 2 1 2 1 376 1 2 1 28 3 49 3 183 4 1 1
49 3 3 1 1 557 2 1 2 29 3 145 1 223 5 1 1
31 3 2 1 1 86 1 1 2 29 3 100 1 170 4 1 1
30 3 1 1 1 370 1 1 2 29 3 250 1 246 1 2 1
34 4 1 2 1 1988 2 1 1 29 3 53 1 266 2 1 1
57 1 1 2 1 1504 2 1 2 29 3 52 1 245 2 1 1
33 2 1 2 1 360 2 1 2 29 3 103 1 185 13 2 1
33 2 2 2 1 459 2 1 2 29 3 241 1 266 2 1 1
35 5 1 2 1 -259 2 1 2 29 3 381 1 247 2 1 1
60 5 1 2 1 2041 1 1 1 29 3 123 1 185 7 1 1
29 4 2 2 1 1296 2 2 2 29 3 275 1 240 1 2 1
32 4 1 2 1 257 2 2 2 29 3 74 1 239 1 2 1
33 1 2 2 1 13 2 1 2 29 3 111 1 247 2 1 1
32 5 1 1 1 0 2 2 2 29 3 223 1 261 2 1 1
46 4 1 2 1 120 2 2 2 29 3 121 1 259 3 1 1
36 2 3 2 1 532 2 1 2 29 3 391 1 241 1 1 1
36 5 1 1 1 -290 2 2 2 29 3 150 1 189 3 1 1
34 1 2 2 1 673 2 1 2 29 3 89 1 260 2 1 1
39 1 1 2 1 272 2 2 2 29 3 199 1 234 2 1 1
48 2 2 2 1 133 2 2 2 29 3 451 1 197 1 1 1
34 3 1 1 1 557 2 1 2 29 3 354 1 197 1 1 1
36 3 3 1 1 36 2 1 2 29 3 227 1 261 6 1 1
36 7 1 2 1 313 2 1 2 29 3 167 2 198 1 1 1
36 1 1 2 1 498 2 1 2 29 3 151 1 253 1 1 1
36 5 1 2 1 319 2 1 2 29 3 29 1 266 1 1 1
46 4 1 2 1 521 2 1 2 29 3 246 1 226 3 1 1
45 3 3 1 1 -90 2 1 2 29 3 128 1 192 1 1 1
47 4 1 2 1 676 2 1 2 29 3 110 1 184 4 2 1
35 5 1 2 1 149 2 1 2 29 3 99 1 245 2 1 1
60 5 1 2 1 478 1 1 2 29 3 139 1 171 5 1 1
37 4 1 3 1 345 2 1 2 29 3 344 1 188 2 1 1
26 5 2 2 1 455 1 1 2 29 3 240 1 182 8 2 1
33 3 3 1 1 893 2 1 2 29 3 259 1 259 9 1 1
50 3 2 1 1 567 2 1 2 29 3 50 1 258 8 1 1
46 7 1 2 1 294 2 1 2 29 3 444 1 196 1 1 1
59 3 1 1 1 1857 1 1 2 29 3 386 1 168 4 1 1
30 3 2 1 1 1422 2 2 2 29 3 305 1 223 27 1 1
27 10 1 2 2 254 2 2 2 29 3 194 1 188 1 1 1
39 3 3 1 1 547 2 1 2 29 3 317 2 260 4 1 1
41 3 1 1 1 -412 2 1 2 29 3 85 1 195 5 2 1
53 4 1 2 1 -76 1 1 2 29 3 173 1 164 4 2 1
51 3 2 1 1 0 2 1 1 29 3 121 1 244 2 1 1
28 1 1 2 1 629 2 1 2 29 3 107 1 245 2 2 1
31 3 2 1 1 1120 2 1 2 29 3 217 2 239 1 2 1
41 1 2 2 1 1322 2 1 2 29 3 58 1 266 1 1 1
35 1 2 2 1 111 2 1 2 29 3 55 1 195 3 1 1
53 5 3 2 1 388 2 2 2 29 3 67 1 247 1 1 1
34 3 1 1 1 498 2 1 2 29 3 84 1 251 2 1 1
55 5 1 2 1 273 2 1 2 29 3 84 3 183 3 1 1
37 3 1 1 1 1330 2 1 2 29 3 41 2 261 1 1 1
28 1 1 2 1 -97 2 1 2 29 3 79 1 225 2 3 1
42 4 3 3 1 299 2 1 2 29 3 305 2 261 2 1 1
41 3 1 1 1 2665 2 1 2 29 3 112 1 183 10 2 1
31 5 2 1 1 424 1 1 2 29 3 106 1 161 2 1 1
31 3 1 1 1 732 2 1 2 29 3 542 1 241 1 1 1
38 7 2 1 1 -274 2 2 2 29 3 103 1 247 2 1 1
48 2 1 3 1 1496 2 1 1 29 3 284 2 258 2 1 1
58 3 3 2 1 44 2 1 2 29 3 147 1 195 1 2 1
39 4 2 1 1 263 2 1 2 29 3 160 1 199 6 1 1
34 3 1 1 1 303 2 1 2 29 3 50 1 195 2 1 1
30 2 2 2 1 -386 2 1 2 29 3 196 1 237 2 2 1
36 3 1 1 1 0 2 1 2 29 3 86 1 237 17 2 1
53 5 1 1 1 1405 2 2 2 29 3 140 1 244 1 1 1
34 5 1 1 1 16992 2 1 2 29 3 71 1 245 1 1 1
36 4 1 2 1 -557 2 2 2 29 3 484 1 253 1 1 1
33 3 2 1 1 1345 2 1 2 29 3 257 1 262 3 1 1
35 4 2 2 1 1239 2 1 2 29 3 112 1 195 1 1 1
29 3 1 1 1 246 2 1 2 29 3 61 1 265 1 1 1
36 1 2 2 1 135 2 1 2 29 3 263 2 192 3 2 1
37 2 1 2 1 1694 2 2 2 29 3 404 2 251 6 1 1
44 3 1 3 1 5418 2 2 2 29 3 188 1 185 5 1 1
28 1 1 2 1 172 2 1 2 29 3 282 1 248 2 2 1
46 1 3 2 1 660 2 1 2 29 3 1026 1 259 2 1 1
40 4 3 2 1 94 2 1 2 29 3 121 1 245 1 1 1
30 2 2 2 1 193 2 1 2 29 3 326 1 244 2 1 1
45 4 1 3 1 487 2 1 2 29 3 117 1 163 4 1 1
29 1 2 2 1 2768 2 1 2 29 3 69 1 241 4 1 1
41 2 1 2 1 1141 2 1 2 29 3 75 1 247 1 1 1
35 5 1 2 1 128 1 2 2 29 3 456 1 205 2 2 1
32 4 2 2 1 160 2 1 1 29 3 48 1 265 1 1 1
31 2 2 1 1 1025 1 1 2 29 3 93 1 254 3 1 1
31 4 1 2 1 360 2 2 2 29 3 89 1 241 1 1 1
40 3 1 1 1 351 2 1 2 29 3 338 1 254 3 1 1
32 1 2 2 1 -32 1 1 2 29 3 320 1 185 5 2 1
34 1 2 2 1 391 2 1 2 29 3 77 1 265 2 1 1
37 5 1 1 1 183 2 1 2 29 3 51 1 258 1 1 1
35 5 2 2 1 175 2 1 2 29 3 219 1 246 1 1 1
28 10 2 1 1 0 2 1 2 29 3 379 1 192 1 1 1
39 4 1 2 1 648 2 1 2 29 3 85 2 240 1 1 1
28 11 2 1 1 682 2 1 2 29 3 356 1 255 2 2 1
28 1 2 2 1 1391 2 1 2 29 3 462 2 247 1 1 1
59 3 1 1 1 2365 1 2 2 29 3 36 1 188 4 1 1
44 3 1 1 1 149 2 1 2 29 3 507 1 220 2 3 1
56 4 1 3 1 420 2 1 2 29 3 129 1 265 1 1 1
35 1 1 1 1 -272 1 2 2 29 3 309 1 197 13 2 1
50 10 1 2 1 2061 2 2 2 29 3 197 2 244 3 1 1
34 5 2 2 1 341 1 2 2 29 3 136 1 262 3 1 1
34 4 2 2 1 381 2 1 2 29 3 83 1 262 1 1 1
31 3 1 2 1 678 2 1 2 29 3 249 1 259 4 1 1
36 7 2 1 1 658 2 1 2 29 3 99 1 227 3 1 1
35 5 3 1 1 1242 2 1 2 29 3 141 1 245 3 1 1
26 3 3 1 2 -402 1 2 2 29 3 66 2 262 2 1 1
52 3 1 2 1 596 2 1 2 29 3 113 1 188 1 2 1
32 3 2 2 1 138 2 1 2 29 3 432 1 182 9 2 1
39 2 1 2 1 1099 1 1 2 29 3 211 2 245 6 1 1
40 5 2 2 2 45 1 2 2 29 3 261 1 182 23 2 1
35 1 1 2 1 147 2 2 2 29 3 41 1 184 7 1 1
32 4 2 2 1 1139 2 1 2 29 3 57 1 191 1 1 1
53 4 2 3 1 354 2 1 2 29 3 133 1 226 2 1 1
47 4 1 3 1 475 2 2 2 29 3 99 2 251 7 2 1
38 4 1 3 1 406 2 1 2 29 3 138 1 188 5 1 1
45 4 1 3 1 300 2 1 2 29 3 203 1 261 3 1 1
34 3 1 1 1 349 2 2 2 29 3 133 2 185 3 1 1
55 2 3 3 1 2923 2 1 2 29 3 94 1 259 2 1 1
59 3 2 2 1 671 2 2 2 29 3 219 2 259 5 1 1
53 2 1 2 1 367 2 2 2 29 3 155 1 261 2 1 1
52 5 1 2 1 1 1 1 2 29 3 189 1 248 6 2 1
39 7 3 1 1 208 2 1 2 29 3 81 1 240 2 1 1
53 9 3 2 1 246 2 1 2 29 3 158 2 247 1 1 1
38 3 2 1 1 16957 2 1 1 29 3 208 1 247 2 1 1
28 5 1 2 1 232 2 2 2 29 3 72 1 261 1 1 1
40 4 3 3 1 4168 2 1 2 29 3 91 1 223 3 1 1
26 4 2 3 1 155 2 1 2 29 3 291 1 244 4 1 1
46 4 1 2 1 -3 2 1 2 29 3 79 2 265 2 1 1
45 5 1 2 1 398 2 1 2 29 3 227 1 246 5 1 1
56 3 2 1 1 6507 2 2 2 29 3 134 1 196 1 1 1
28 3 2 1 1 882 1 2 2 29 3 94 1 205 2 1 1
40 5 1 2 1 56 2 2 2 29 3 194 1 247 1 1 1
58 4 1 2 1 1298 2 1 2 29 3 522 2 245 4 1 1
28 5 2 2 1 527 2 1 2 29 3 161 2 265 1 1 1
30 4 2 2 1 -61 1 1 2 29 3 111 2 196 1 1 1
41 3 1 1 1 -29 1 1 2 29 3 41 2 266 2 1 1
30 2 2 2 1 1923 1 2 2 29 3 114 2 192 2 2 1
32 3 1 1 1 2213 1 1 2 29 3 125 2 154 7 1 1
49 3 2 1 1 145 2 1 2 29 3 57 2 248 38 1 1
47 3 1 1 2 -337 1 2 2 29 3 243 4 161 2 1 1
27 5 2 2 1 261 2 1 2 29 3 236 2 247 2 1 1
28 5 2 1 1 -214 2 1 2 29 3 228 2 262 3 1 1
57 3 3 1 1 -676 2 2 2 29 3 100 2 247 1 1 1
38 5 3 2 1 531 1 1 2 29 3 214 3 226 7 1 1
30 2 2 2 1 9 1 2 2 29 3 194 2 205 2 1 1
29 5 2 1 1 370 2 1 2 29 3 119 2 251 5 1 1
31 3 1 2 1 0 1 1 2 29 3 120 2 160 2 1 1
56 7 3 3 1 29 1 1 2 29 3 52 2 227 1 1 1
44 3 1 2 1 488 1 2 2 29 3 138 2 183 11 1 1
34 4 1 2 1 -211 2 1 2 29 3 135 2 184 5 1 1
33 4 1 3 1 902 2 1 2 29 3 207 2 247 2 1 1
36 5 1 2 1 1508 1 1 2 29 3 187 2 185 8 1 1
26 5 2 1 1 43 2 2 2 29 3 169 3 246 1 1 1
28 11 2 2 1 24 2 1 2 29 3 284 2 196 2 1 1
35 5 3 2 2 362 1 1 2 29 3 329 2 240 8 2 1
33 2 2 2 1 772 2 1 2 29 3 323 2 259 3 3 1
30 3 1 1 1 112 2 1 2 29 3 464 2 258 1 2 1
57 3 3 1 1 1016 2 1 2 29 3 462 2 234 5 1 1
29 3 1 1 1 1366 2 1 2 29 3 90 2 245 3 1 1
32 2 1 2 1 356 2 1 2 29 3 56 2 223 5 1 1
37 3 3 2 1 414 1 1 2 29 3 293 2 162 4 1 1
50 4 1 3 1 2142 2 1 2 29 3 309 2 224 1 2 1
40 5 2 2 1 822 2 2 2 29 3 155 2 245 3 1 1
32 5 2 2 1 337 2 1 2 29 3 213 2 261 1 2 1
48 5 1 2 1 101 2 1 2 29 3 414 2 192 3 1 1
45 5 2 2 1 -55 1 1 2 29 3 78 3 197 1 1 1
31 5 2 2 1 304 1 1 2 29 3 293 2 160 2 2 1
27 4 2 2 2 81 1 2 2 29 3 123 2 205 2 3 1
47 4 1 3 1 613 2 1 2 29 3 49 3 255 2 2 1
31 5 1 1 1 702 1 2 2 29 3 157 3 182 29 1 1
45 1 1 3 1 -407 2 2 2 29 3 503 2 224 18 2 1
32 4 1 3 1 2291 2 2 2 29 3 489 3 182 24 2 1
37 5 1 2 1 1120 2 1 2 29 3 88 3 244 5 1 1
47 4 2 2 1 263 2 2 2 29 3 127 2 255 1 2 1
30 2 2 2 2 -261 2 1 2 29 3 1139 2 255 1 2 1
33 2 1 2 1 554 2 1 2 29 3 162 2 258 1 2 1
33 1 2 2 1 303 1 1 2 29 3 483 2 266 1 1 1
32 4 1 2 1 -460 2 2 2 29 3 131 2 206 6 2 1
57 5 3 2 1 77 2 2 2 29 3 168 3 246 2 1 1
47 9 1 1 1 1225 2 2 2 29 3 191 3 227 2 1 1
39 3 2 1 1 4023 2 1 2 29 3 126 2 238 8 2 1
28 5 2 2 1 8 2 1 2 29 3 389 2 254 3 1 1
31 5 3 2 1 0 1 1 2 29 3 138 2 164 4 2 1
39 5 3 2 1 1333 2 2 2 29 3 585 2 246 1 1 1
31 7 1 2 1 10 2 2 2 29 3 161 3 188 9 1 1
49 3 2 2 1 61 2 1 2 29 3 185 2 246 1 1 1
33 4 3 2 1 880 2 2 2 29 3 263 3 239 1 1 1
39 4 1 2 1 360 2 1 2 29 3 325 2 260 2 1 1
54 1 1 2 1 263 1 2 1 29 3 283 4 195 7 1 1
35 4 2 2 1 297 2 1 2 29 3 251 3 265 4 1 1
26 4 2 2 1 249 2 1 2 29 3 235 3 262 5 1 1
31 3 2 1 1 1724 2 1 1 29 3 152 2 254 1 1 1
31 2 2 2 1 442 2 1 2 29 3 355 3 258 3 1 1
46 3 3 1 1 -154 2 2 2 29 3 150 2 247 2 1 1
27 5 2 2 1 223 1 2 2 29 3 253 2 192 3 3 1
34 5 1 2 1 1137 1 1 2 29 3 383 2 206 1 2 1
31 4 2 3 1 3466 2 1 1 29 3 267 3 183 25 2 1
39 3 2 1 1 313 1 2 2 29 3 118 5 196 1 2 1
28 10 2 2 1 1166 1 2 2 30 3 177 3 192 3 2 1
34 3 1 1 1 1310 1 1 1 30 3 521 3 158 7 2 1
36 2 1 2 1 1053 2 1 1 30 3 99 1 259 1 1 1
35 4 1 2 1 6411 2 2 2 30 3 144 1 266 2 1 1
35 5 2 2 1 951 2 1 2 30 3 163 1 254 1 1 1
30 2 1 2 1 2212 2 1 1 30 3 41 1 249 2 2 1
36 10 2 1 1 583 1 1 2 30 3 859 1 235 1 2 1
47 6 1 3 1 168 2 1 1 30 3 66 1 241 1 2 1
28 1 1 2 1 -247 2 2 2 30 3 121 1 240 2 1 1
49 3 1 1 1 342 1 1 2 30 3 433 2 228 1 1 1
59 1 1 3 1 879 2 1 2 30 3 126 5 259 7 1 1
29 2 2 1 1 737 2 2 2 30 3 499 5 248 1 1 1
35 5 2 1 1 364 1 2 2 30 3 162 3 205 3 1 1
35 5 2 2 1 2144 2 1 2 30 3 146 2 262 2 1 1
34 5 3 2 1 1301 2 1 2 30 3 196 2 189 2 1 1
47 5 3 1 1 405 2 1 2 30 3 236 1 260 1 1 1
26 5 3 1 1 3154 2 2 2 30 3 350 3 248 1 1 1
31 5 2 1 1 236 2 1 2 30 3 200 1 259 1 1 1
33 5 1 1 1 525 2 2 2 30 3 499 1 247 1 1 1
42 5 2 2 1 60 2 2 2 30 3 183 2 241 1 2 1
60 1 3 2 1 663 1 2 2 30 3 385 3 197 1 2 1
29 1 1 2 1 957 2 2 2 30 3 258 2 263 3 1 1
58 7 1 1 1 0 1 2 2 30 3 540 1 2 2 2 1
36 6 3 2 1 5 2 1 2 30 3 169 1 2 2 2 1
45 1 3 2 1 440 1 1 2 30 3 91 1 2 1 2 1
50 3 1 1 1 0 1 1 2 30 3 199 1 205 1 1 1
56 3 1 1 1 4 2 2 2 30 3 299 1 2 5 2 1
39 4 1 3 1 976 2 1 2 30 3 80 1 2 2 2 1
51 7 3 1 1 58 2 1 2 30 3 93 1 2 1 2 1
39 10 1 1 1 1492 2 1 2 30 3 227 1 189 1 1 1
46 2 1 2 1 417 2 1 2 30 3 219 1 2 1 2 1
45 3 1 1 1 2363 1 1 2 30 3 125 1 2 1 2 1
54 4 1 2 1 285 2 2 1 30 3 63 1 2 5 2 1
55 9 1 2 1 905 1 1 2 30 3 861 1 2 1 2 1
51 2 1 2 1 5699 2 1 2 30 3 436 1 270 2 1 1
27 3 2 1 1 1081 1 2 2 30 3 158 3 206 2 2 1
32 4 2 2 1 604 1 1 2 30 3 410 2 196 2 2 1
31 3 1 1 1 1384 2 1 2 30 3 203 2 2 3 2 1
60 1 1 2 1 2552 1 2 2 30 3 255 2 2 4 2 1
46 5 1 2 1 198 2 1 2 30 3 153 1 2 6 2 1
39 8 1 2 1 953 1 1 2 30 3 23 6 232 3 2 1
51 5 2 2 1 527 2 1 2 30 3 197 1 2 3 2 1
52 4 1 3 1 109 2 1 2 30 3 177 4 248 2 1 1
31 6 2 2 1 315 1 1 2 30 3 130 1 2 1 2 1
33 4 2 1 1 457 2 1 2 30 3 159 1 191 4 1 1
34 8 2 3 1 443 1 1 2 30 3 10 1 2 1 2 1
56 2 1 2 1 642 2 1 2 30 3 16 1 2 3 2 1
36 2 2 2 1 511 2 2 2 30 3 706 1 252 1 1 1
36 5 2 2 1 317 2 1 2 30 3 198 2 266 2 1 1
52 3 1 1 1 1355 2 1 2 30 3 131 1 241 1 1 1
33 4 2 2 1 22 1 1 2 30 3 76 2 207 1 1 1
31 3 1 1 1 1400 2 1 2 30 3 175 2 2 1 2 1
38 3 1 1 1 -70 2 1 2 30 3 140 1 2 3 2 1
26 1 2 2 1 802 1 1 2 30 3 77 1 2 2 2 1
57 3 3 1 1 2549 1 1 2 30 3 456 3 197 2 1 1
39 5 1 2 1 -735 2 1 2 30 3 144 5 248 2 1 1
45 3 1 1 1 -61 1 1 2 30 3 90 5 172 1 1 1
51 1 1 2 1 0 2 2 2 30 3 150 1 252 1 1 1
56 5 1 3 1 314 2 2 2 30 3 108 2 2 5 2 1
26 5 2 1 1 152 1 1 2 30 3 151 2 2 1 2 1
57 5 1 3 1 1276 2 1 2 30 3 44 1 200 4 1 1
33 5 1 2 1 480 2 1 2 30 3 272 1 270 1 2 1
36 1 2 2 1 133 1 1 2 30 3 632 3 228 14 2 1
53 1 1 2 1 -375 2 1 2 30 3 103 1 252 1 1 1
57 3 1 1 1 0 1 2 2 30 3 209 2 197 2 2 1
28 4 2 2 1 1285 1 1 1 30 3 199 2 2 17 2 1
45 7 3 2 1 44 1 2 2 30 3 250 2 2 1 2 1
48 3 1 1 1 370 2 1 2 30 3 134 2 169 2 2 1
32 3 1 1 1 943 2 1 2 30 3 402 2 2 2 2 1
37 4 3 2 1 -175 2 1 2 30 3 638 4 266 1 1 1
34 4 2 2 1 19833 2 1 2 30 3 84 4 252 1 2 1
49 3 2 1 1 163 2 1 2 30 3 281 2 269 3 1 1
53 5 1 1 1 2336 1 1 1 30 3 173 2 2 3 2 1
56 4 1 2 1 2190 1 2 2 30 3 90 2 232 1 1 1
26 2 2 2 1 512 2 2 2 30 3 206 5 239 3 1 1
41 4 3 2 1 -333 2 1 2 30 3 118 3 270 2 1 1
31 10 1 1 1 227 2 2 2 30 3 154 6 263 3 1 1
36 1 3 1 1 281 1 1 2 30 3 60 2 2 1 2 1
47 6 3 2 1 0 1 2 2 30 3 127 2 233 8 2 1
46 4 1 3 1 665 1 1 2 30 3 89 4 235 2 1 1
31 3 2 1 1 358 2 1 2 30 3 68 3 256 51 1 1
41 5 3 2 1 692 2 1 2 30 3 249 3 245 3 1 1
30 1 1 2 1 373 2 1 2 30 3 353 2 228 4 2 1
46 5 1 1 1 43 2 1 1 30 3 162 3 2 7 2 1
49 3 1 1 1 -969 1 1 2 30 3 61 2 2 1 2 1
28 1 1 2 1 12 2 1 2 30 3 73 3 256 3 2 1
30 5 2 2 1 316 2 2 2 30 3 130 2 2 2 2 1
49 3 1 1 1 15 1 1 2 30 3 166 3 2 2 2 1
28 3 2 1 1 2080 1 1 1 30 3 399 2 2 1 2 1
31 6 2 3 1 163 1 1 2 30 3 707 2 2 1 2 2
33 3 1 1 1 1071 1 1 2 2 4 84 2 174 4 1 1
29 1 2 2 1 124 1 1 2 2 4 94 1 5 2 2 1
36 5 2 2 1 265 2 2 2 2 4 88 1 273 1 1 1
53 2 1 2 1 660 1 1 2 2 4 210 1 272 2 1 1
44 4 1 2 1 294 2 1 2 2 4 246 1 259 2 1 1
40 5 2 1 1 1646 2 1 2 2 4 215 1 242 2 1 2
31 3 2 1 1 1130 2 1 2 2 4 181 1 264 3 1 1
46 5 1 2 1 363 2 1 2 2 4 346 1 180 3 1 1
47 5 1 2 1 349 2 2 2 2 4 112 1 273 1 1 1
37 4 1 3 1 89 2 1 2 2 4 393 1 245 4 1 1
32 1 2 2 1 1 1 1 2 2 4 75 1 208 1 1 1
48 4 2 2 1 -269 1 1 2 2 4 167 1 263 3 2 1
46 2 3 2 1 -179 1 1 2 2 4 151 1 214 2 1 1
40 3 1 1 1 572 1 1 2 2 4 133 3 5 2 2 1
47 5 3 2 1 129 1 1 2 2 4 110 2 222 2 1 1
37 2 2 2 1 21 2 1 2 2 4 96 1 271 2 2 1
38 4 1 2 1 757 2 1 2 2 4 133 1 272 1 1 1
56 2 3 2 1 218 2 1 2 2 4 113 2 249 2 1 1
37 4 1 2 1 520 2 1 2 2 4 54 1 255 2 1 1
55 8 1 2 1 5 1 1 2 2 4 269 1 206 2 1 1
45 1 1 2 1 1097 2 2 2 2 4 174 1 208 1 1 1
52 5 1 2 1 279 1 2 2 2 4 72 1 203 3 1 1
36 4 2 3 1 367 1 1 2 2 4 217 1 221 1 1 1
39 2 2 1 1 1222 2 1 2 2 4 251 1 242 2 1 1
59 9 1 3 1 866 1 2 2 2 4 88 1 208 1 2 1
44 6 1 2 1 0 2 1 2 2 4 699 1 272 1 1 2
53 10 1 1 1 451 2 1 2 2 4 125 1 249 2 1 1
26 5 2 2 1 3244 1 1 2 2 4 141 1 5 1 1 1
51 5 1 2 1 1490 2 1 2 2 4 177 1 199 2 1 1
47 1 3 2 1 207 2 1 2 2 4 244 1 271 4 1 1
53 2 1 2 1 1563 2 1 2 2 4 124 2 5 1 2 1
49 4 2 2 1 -367 2 1 2 2 4 98 1 207 1 1 1
37 1 3 2 1 506 2 1 2 2 4 446 2 273 1 1 1
43 7 1 3 1 629 2 1 2 2 4 70 3 265 4 2 1
40 4 1 2 1 123 2 1 2 2 4 247 1 241 3 1 1
45 10 1 1 1 430 2 1 2 2 4 221 1 206 2 1 1
48 4 1 2 1 578 2 1 2 2 4 70 1 250 1 1 1
45 8 3 3 1 221 1 1 2 2 4 93 1 235 1 1 1
58 4 3 2 1 1103 2 1 2 2 4 226 1 202 4 1 1
47 5 1 2 1 332 2 1 2 2 4 276 1 269 1 3 1
60 5 1 2 1 358 1 1 2 2 4 95 1 216 2 1 1
40 6 2 1 1 97 2 2 2 2 4 73 1 252 1 1 1
36 5 3 2 1 -94 2 1 2 2 4 185 1 252 2 1 1
31 6 3 1 1 256 2 1 2 2 4 264 1 201 2 3 1
54 2 1 2 1 514 2 1 2 2 4 109 1 186 3 1 1
40 6 3 2 1 507 2 1 2 2 4 134 1 266 7 1 1
39 5 2 2 1 614 2 1 2 2 4 166 1 258 1 1 1
31 5 2 2 1 44 1 1 2 2 4 200 5 175 2 1 1
32 2 1 2 1 289 2 1 2 2 4 63 1 257 2 1 1
47 7 1 2 1 583 2 1 2 2 4 495 1 258 2 1 1
58 1 3 2 1 0 2 1 2 2 4 244 1 229 5 2 1
34 4 1 2 1 -271 2 2 2 2 4 90 1 252 2 1 1
38 2 1 2 1 304 1 2 2 2 4 238 1 214 1 1 1
38 5 1 1 1 447 2 1 2 2 4 224 1 269 1 1 1
40 9 1 3 1 407 2 1 2 2 4 200 1 271 1 1 1
56 5 1 2 1 778 1 1 2 2 4 315 2 208 1 1 1
36 6 1 2 1 533 2 1 2 2 4 619 1 272 1 1 1
60 3 1 1 1 553 2 1 2 2 4 343 1 210 3 3 1
56 4 1 2 1 659 2 1 2 2 4 148 1 188 3 1 1
37 2 2 2 1 174 2 1 2 2 4 134 1 271 2 1 1
38 1 1 2 1 -500 1 2 2 2 4 67 1 195 5 2 1
53 3 1 2 1 478 2 1 2 2 4 66 1 264 2 1 1
38 5 1 2 1 10 1 1 2 2 4 86 1 161 5 2 1
45 2 1 2 1 -75 2 1 2 2 4 134 1 252 1 1 1
40 4 1 2 1 746 2 2 2 2 4 241 1 262 3 2 1
48 2 1 2 1 51 2 2 2 2 4 90 1 262 1 1 1
58 1 1 2 1 580 1 2 1 2 4 161 3 5 3 2 1
45 5 1 2 1 1818 1 1 2 2 4 197 1 241 2 2 1
47 1 2 2 1 15 1 1 2 2 4 71 1 266 4 1 1
53 3 1 3 1 798 2 1 1 2 4 45 1 217 2 1 1
54 10 1 2 1 534 2 1 2 2 4 165 1 188 4 1 1
38 2 2 2 1 -196 2 1 2 2 4 60 1 271 1 1 1
54 5 1 2 1 719 2 1 2 2 4 242 1 264 1 1 1
31 2 1 2 1 442 2 1 2 2 4 69 1 270 2 1 1
42 3 2 1 1 336 2 1 2 2 4 142 6 195 3 1 1
28 2 2 2 1 0 1 1 2 2 4 188 1 206 2 2 1
38 2 1 2 1 8876 1 1 2 2 4 280 1 75 1 1 1
31 1 2 1 1 5 1 2 2 2 4 75 1 206 1 1 1
26 3 2 1 1 0 1 2 2 2 4 145 1 199 1 1 1
37 3 1 2 1 10 1 2 2 2 4 164 1 250 2 1 1
36 2 1 2 1 145 2 1 2 2 4 109 1 252 2 2 1
38 10 1 2 1 290 2 1 2 2 4 123 1 258 1 1 1
55 3 1 3 1 621 1 2 2 2 4 114 1 208 1 1 1
33 3 2 1 1 474 2 1 2 2 4 62 1 179 3 1 1
40 5 1 2 1 504 2 1 2 2 4 96 1 266 1 1 1
46 1 1 3 1 469 2 1 2 2 4 75 1 264 10 2 1
55 10 3 2 1 1530 1 1 2 2 4 166 1 216 1 2 1
34 1 1 2 1 50 2 1 2 2 4 173 1 258 2 1 1
32 1 1 2 1 56 2 1 2 2 4 275 1 258 1 2 1
36 1 1 2 1 0 2 1 2 2 4 236 2 252 1 2 1
42 4 1 3 1 1455 2 1 2 2 4 279 2 269 2 2 1
39 3 2 1 1 -145 2 1 2 2 4 268 2 196 2 1 1
45 3 1 1 1 474 2 2 2 2 4 190 4 264 4 1 1
60 9 1 3 1 174 2 2 2 2 4 157 2 252 1 1 1
40 3 1 1 1 543 2 1 2 2 4 349 2 262 275 2 1
36 3 1 1 1 82 1 1 2 2 4 124 1 178 4 3 1
57 1 1 2 1 11 1 1 2 2 4 261 1 265 3 1 1
49 1 1 2 1 359 2 1 2 2 4 231 2 271 1 1 1
37 3 1 1 1 59 2 2 1 2 4 319 1 213 1 1 1
40 2 3 2 1 687 2 1 2 2 4 531 1 208 1 3 2
48 1 2 2 1 303 2 2 2 2 4 142 1 189 4 1 1
36 4 1 2 1 -42 1 2 2 2 4 521 2 193 2 2 1
34 4 1 2 1 7 2 2 2 2 4 171 2 193 2 2 1
49 10 1 1 1 147 1 2 2 2 4 559 1 189 4 1 1
36 6 1 2 1 608 2 1 2 2 4 114 1 263 3 2 1
35 2 1 2 1 630 2 1 2 2 4 134 1 271 2 1 1
57 1 1 2 1 567 2 1 2 2 4 87 2 265 3 2 1
41 3 1 2 1 0 2 1 2 2 4 154 2 264 1 2 1
43 4 1 2 1 1109 2 1 2 2 4 115 3 264 2 1 1
48 4 3 2 2 -535 2 1 2 2 4 115 2 187 2 1 1
43 4 1 2 1 597 2 1 2 2 4 87 1 263 1 1 1
38 5 2 2 1 103 2 1 2 2 4 159 1 187 3 1 1
31 3 2 2 1 783 2 1 2 2 4 221 2 272 1 1 1
32 3 2 2 1 453 2 1 2 2 4 544 1 269 2 1 1
37 5 1 2 1 494 2 1 2 2 4 247 2 269 3 1 1
60 2 1 2 1 292 1 2 2 2 4 260 5 195 4 1 1
32 1 2 1 1 2004 1 1 2 2 4 141 1 75 1 1 1
37 3 2 1 1 230 2 2 2 2 4 120 2 272 1 1 1
45 1 1 2 1 1214 2 1 2 2 4 150 2 189 2 1 1
35 5 1 1 1 1526 2 1 2 2 4 236 2 217 4 1 1
41 2 3 2 1 -376 2 1 2 2 4 421 3 238 9 2 1
31 3 1 1 1 4015 2 1 2 2 4 95 2 241 3 2 1
39 1 3 2 1 442 2 1 2 2 4 204 2 257 2 2 1
56 7 1 2 1 5838 1 1 2 2 4 116 2 230 2 1 1
31 3 2 1 1 3283 1 1 2 2 4 258 1 73 1 1 2
46 3 3 1 1 665 2 1 2 2 4 158 2 207 1 2 1
31 5 1 2 1 671 1 1 2 2 4 119 2 175 2 1 1
57 5 1 2 1 589 2 1 2 2 4 223 1 76 4 1 1
29 1 2 2 1 -498 2 1 2 2 4 99 3 227 14 1 1
37 5 2 1 1 -1 2 1 2 2 4 223 2 200 7 2 1
38 1 2 2 1 569 2 2 2 2 4 164 2 272 2 1 1
43 1 2 2 1 -247 2 2 2 2 4 751 2 76 4 1 2
34 5 1 2 1 4 2 1 2 2 4 105 2 263 1 1 1
42 3 1 1 1 477 2 1 2 2 4 413 2 242 3 1 1
53 5 1 2 1 598 1 1 2 2 4 340 3 264 2 1 1
47 5 1 2 1 1167 2 1 2 2 4 139 3 73 2 3 1
57 9 1 2 1 485 1 1 2 2 4 79 2 187 2 1 1
39 4 1 3 1 541 2 1 2 2 4 361 2 258 1 2 1
41 4 3 3 1 320 2 1 2 2 4 844 2 252 1 1 1
45 1 1 2 2 1 1 1 1 2 4 1028 2 207 1 2 1
38 5 1 2 1 581 2 1 2 2 4 223 2 272 1 1 1
37 10 3 2 1 1082 1 1 2 2 4 127 3 5 5 2 1
46 4 1 2 1 -221 2 2 2 2 4 219 2 244 1 1 1
55 4 1 3 1 145 1 1 1 2 4 59 3 5 2 2 1
53 4 3 3 1 -1 2 1 2 2 4 138 3 5 1 2 1
29 5 3 2 1 -95 2 1 2 2 4 42 7 228 1 2 1
33 2 1 2 1 317 2 1 2 2 4 141 4 201 1 2 1
50 5 3 2 1 8 1 1 2 2 4 171 2 5 1 2 1
46 5 1 2 1 317 2 2 2 2 4 24 7 250 1 1 1
35 1 1 2 1 287 2 1 2 2 4 115 3 245 8 1 1
58 9 3 2 1 8266 2 1 2 2 4 98 2 271 1 1 1
46 5 1 2 1 1028 2 1 2 2 4 96 2 208 1 1 1
28 6 1 3 1 7459 2 1 2 2 4 981 5 269 2 1 2
49 5 1 2 1 1811 2 2 2 2 4 168 2 245 1 2 1
35 4 1 3 1 0 2 2 2 2 4 698 2 271 2 2 1
35 1 1 2 1 220 2 1 2 2 4 153 4 244 13 1 1
37 5 1 2 1 318 1 1 2 2 4 167 1 187 2 1 1
31 3 2 1 1 112 2 1 2 2 4 159 2 271 1 1 1
37 3 1 1 1 4089 2 1 2 2 4 289 2 174 4 2 2
37 4 1 3 1 643 2 2 2 2 4 81 3 269 3 2 1
45 5 1 2 1 0 2 2 1 2 4 111 2 208 1 1 1
54 3 1 1 1 67 2 1 2 2 4 161 3 73 1 2 1
35 5 1 1 1 633 2 2 2 2 4 76 3 5 3 2 1
39 4 2 2 1 -480 2 2 2 2 4 147 2 252 3 2 1
42 2 1 3 1 124 2 1 2 2 4 164 2 262 2 1 1
36 3 1 1 1 806 2 1 2 3 4 106 2 259 1 1 1
54 5 3 2 1 0 2 2 2 3 4 62 2 203 5 1 1
49 3 3 1 1 4961 2 1 2 3 4 298 2 231 1 1 1
47 2 1 2 1 1160 2 1 2 3 4 117 2 221 4 1 1
35 3 2 1 1 539 2 1 2 3 4 198 2 267 1 2 1
36 2 2 2 1 774 2 1 2 3 4 231 2 259 1 1 1
33 3 1 1 1 644 2 2 2 3 4 124 2 271 2 1 1
60 2 1 2 1 594 2 1 2 3 4 35 7 265 5 2 1
51 2 1 2 1 867 2 1 2 3 4 177 2 211 3 1 1
43 5 1 2 1 308 2 1 2 3 4 137 3 264 4 2 1
31 5 2 2 1 863 2 1 2 3 4 146 1 263 5 3 1
48 5 1 2 1 197 1 2 2 3 4 47 2 222 3 2 1
32 2 1 2 1 414 2 1 2 3 4 236 2 272 1 1 1
50 8 2 3 1 1158 2 1 2 3 4 116 3 265 3 1 1
37 8 1 2 1 12939 2 2 2 3 4 77 3 202 9 1 1
46 4 1 2 1 1232 1 2 2 3 4 300 3 195 8 2 1
35 2 1 2 1 1659 2 1 2 3 4 149 3 215 1 1 1
50 5 1 1 1 199 2 2 2 3 4 116 2 253 1 1 1
58 9 1 3 1 3401 2 1 2 3 4 84 3 265 2 1 1
41 3 2 1 1 572 2 1 2 3 4 419 2 271 2 1 1
28 7 1 1 1 59 1 1 2 3 4 330 3 190 6 1 1
47 4 2 2 1 152 2 1 2 3 4 193 3 271 4 1 1
31 2 1 3 1 997 2 1 2 3 4 256 1 190 3 1 1
35 1 2 2 1 0 2 1 2 3 4 80 1 273 1 1 1
50 4 2 3 1 1558 2 1 2 3 4 294 1 265 1 2 1
32 4 1 2 1 4471 2 1 2 3 4 197 1 270 2 1 1
33 5 2 1 1 390 2 1 2 3 4 161 1 256 1 1 1
29 2 1 2 1 222 2 1 2 3 4 197 1 250 23 1 1
34 5 1 2 1 883 1 1 1 3 4 166 2 173 3 1 1
54 5 3 2 1 2156 2 1 2 3 4 261 1 195 4 1 2
40 1 1 2 1 0 2 1 2 3 4 561 1 201 1 1 1
32 3 2 1 1 2360 1 1 2 3 4 152 2 160 5 2 2
48 1 1 3 1 3 2 1 2 3 4 69 1 252 4 1 1
32 8 1 1 1 357 2 1 2 3 4 133 3 77 2 1 1
33 2 1 1 1 546 2 2 2 3 4 54 2 270 1 1 1
51 4 1 3 1 377 2 1 1 3 4 143 4 272 1 1 1
52 7 3 1 1 199 2 2 2 3 4 373 1 236 2 1 1
35 3 2 1 1 1891 2 1 2 3 4 188 3 270 5 1 1
38 5 2 2 1 325 1 1 2 3 4 14 6 196 2 2 1
31 4 1 3 1 124 2 1 2 3 4 343 1 264 4 1 1
49 1 1 2 1 1403 1 1 2 3 4 124 2 180 2 1 1
37 5 1 2 1 1116 2 1 2 3 4 18 6 201 7 2 1
39 4 1 2 1 661 2 1 2 3 4 84 4 267 4 1 1
46 3 1 1 1 -319 2 1 2 3 4 80 1 256 1 1 1
32 2 1 2 1 1844 2 2 2 3 4 158 4 201 6 1 1
30 1 1 2 1 490 2 1 2 3 4 82 6 251 4 2 1
33 11 2 2 1 1883 2 1 2 3 4 121 5 256 1 1 1
36 3 1 1 1 1582 1 1 1 3 4 26 2 197 1 1 1
51 8 1 3 1 605 1 1 2 3 4 91 2 159 14 1 1
34 4 1 2 1 261 2 1 2 3 4 88 5 251 3 1 1
52 3 1 1 1 0 2 1 2 3 4 790 1 249 1 1 1
31 3 1 1 1 1331 1 1 2 3 4 182 2 90 1 3 2
44 1 1 2 1 497 2 1 2 3 4 321 3 270 2 2 1
27 1 1 2 1 -401 2 2 2 3 4 205 3 214 1 1 1
54 4 1 2 1 175 2 1 2 3 4 94 4 271 4 1 1
36 3 2 1 1 219 1 1 2 3 4 22 6 196 6 1 1
26 4 2 2 1 184 1 1 2 3 4 110 2 6 1 2 1
32 5 2 1 1 703 2 1 2 3 4 489 2 271 2 3 1
33 1 2 2 1 289 1 1 2 3 4 515 3 6 13 2 1
43 5 1 2 1 473 2 1 2 3 4 148 3 211 5 1 1
52 9 1 2 1 411 2 1 2 3 4 180 3 200 10 2 1
42 4 1 3 1 -97 2 1 2 3 4 216 4 271 5 1 1
47 4 1 2 1 -346 2 2 1 3 4 137 2 253 2 2 1
34 5 2 1 1 586 2 1 2 3 4 43 5 263 2 1 1
32 3 1 1 1 272 2 1 2 3 4 188 4 209 1 1 1
58 5 1 2 1 629 2 1 2 3 4 193 3 265 2 1 1
34 5 1 1 1 823 1 1 2 3 4 178 3 161 5 2 1
33 1 2 2 1 901 1 1 2 3 4 18 5 6 3 2 1
48 5 1 1 1 2 1 1 2 3 4 165 5 6 3 2 1
58 10 1 2 1 0 2 1 1 3 4 702 3 264 9 1 1
56 3 1 1 1 2366 2 2 2 3 4 538 2 188 4 1 1
54 3 1 1 1 1460 1 2 2 3 4 341 3 202 7 2 1
29 5 1 2 1 655 2 1 2 3 4 225 3 270 2 1 1
42 1 2 2 1 400 2 1 2 3 4 198 5 244 6 1 1
48 3 2 1 1 460 2 1 2 3 4 91 3 264 2 2 1
58 3 2 1 1 1387 2 1 1 3 4 140 6 6 6 2 1
32 2 3 2 1 41 2 1 2 3 4 251 4 187 11 2 1
42 5 1 1 1 725 2 2 1 3 4 124 3 252 3 1 1
60 9 2 1 1 305 2 1 2 3 4 137 5 211 3 2 1
56 4 1 3 1 284 1 2 1 3 4 124 4 204 4 1 1
41 3 3 1 1 -78 2 1 2 3 4 69 4 252 4 1 1
59 5 1 2 1 1866 1 1 1 3 4 288 2 215 1 2 1
50 5 1 2 1 103 2 1 2 3 4 109 4 267 6 1 1
30 5 2 2 1 62 2 1 1 3 4 678 2 252 1 2 1
33 3 2 1 1 191 1 2 2 3 4 678 4 209 1 1 1
40 3 3 1 1 502 2 1 2 3 4 267 4 270 3 2 1
55 6 3 3 1 -53 1 1 1 3 4 225 4 6 3 2 1
53 4 1 3 1 -211 2 2 2 3 4 195 6 251 2 1 1
41 5 2 1 1 -89 2 1 2 3 4 195 4 251 4 1 1
46 4 1 2 1 4007 1 1 2 3 4 380 5 217 5 2 1
55 4 1 3 1 781 2 1 2 3 4 112 3 270 2 1 1
54 1 2 2 1 1178 2 1 1 3 4 41 6 264 2 1 1
55 3 2 1 1 -350 1 1 1 3 4 87 4 6 1 2 1
45 5 1 2 1 366 1 2 2 3 4 235 2 169 12 1 1
32 5 2 1 1 47 2 1 2 3 4 693 7 204 3 1 1
31 3 1 1 1 302 2 2 2 4 4 181 1 257 1 1 1
59 9 1 1 1 941 1 2 2 4 4 231 1 210 1 1 1
33 5 2 2 1 647 2 2 2 4 4 124 1 273 1 2 1
60 5 1 3 1 4243 2 1 2 4 4 387 1 251 1 1 1
54 3 1 1 1 195 1 2 2 4 4 47 1 265 6 2 1
36 5 2 2 1 1855 2 1 2 4 4 75 1 273 1 1 1
44 10 1 3 1 414 2 1 2 4 4 138 1 272 2 2 1
38 7 1 2 1 351 2 1 2 4 4 112 1 244 3 1 1
40 2 1 2 1 1674 2 2 2 4 4 144 1 274 2 2 1
52 1 1 3 1 2281 2 2 1 4 4 82 1 244 1 1 1
27 5 2 2 1 -437 1 1 2 4 4 352 1 216 2 2 1
38 1 3 2 1 308 2 1 2 4 4 197 1 274 1 1 1
35 11 2 1 1 7 2 1 1 4 4 72 2 247 1 2 1
42 10 1 2 1 240 2 1 2 4 4 183 1 189 16 2 1
39 2 1 2 1 105 1 1 2 4 4 137 1 189 2 1 1
47 4 1 2 1 243 2 1 2 4 4 220 1 246 4 1 1
38 1 2 2 1 221 2 1 2 4 4 93 2 274 2 1 1
36 4 1 2 1 0 1 1 2 4 4 235 1 244 1 1 1
41 4 1 3 1 201 2 1 2 4 4 69 1 1 1 3 1
43 1 1 3 1 392 2 2 2 4 4 110 1 208 2 1 1
33 5 1 2 1 0 2 1 2 4 4 56 1 274 2 1 1
28 10 1 1 1 0 2 1 2 4 4 546 3 196 4 1 2
36 4 2 2 1 376 2 2 2 4 4 180 1 274 3 1 1
46 4 1 2 1 345 2 2 1 4 4 86 1 259 3 2 1
45 4 1 2 1 28 1 2 2 4 4 215 1 222 1 2 1
37 1 3 2 1 496 1 1 2 4 4 118 4 272 3 1 1
38 6 2 2 1 2470 2 1 2 4 4 131 1 230 1 2 1
37 2 1 2 1 895 2 2 2 4 4 219 2 245 1 1 1
51 5 1 2 1 2 2 2 2 4 4 71 1 205 3 1 1
59 6 1 2 1 4497 2 1 2 4 4 213 1 251 1 1 1
56 5 1 3 1 284 1 1 2 4 4 177 1 197 9 1 1
28 5 2 2 1 34 2 1 2 4 4 16 6 268 4 1 1
57 9 1 3 1 -464 2 1 2 4 4 75 1 190 6 1 1
32 5 1 2 1 4 1 1 2 4 4 145 2 260 4 1 1
39 3 3 1 1 -980 2 1 2 4 4 52 2 260 1 1 1
58 9 2 2 1 1640 1 2 2 4 4 72 6 274 4 1 1
30 5 2 1 1 405 2 1 2 4 4 128 1 274 1 1 1
33 4 1 2 1 19 2 1 2 4 4 56 1 271 1 2 1
38 7 1 1 1 227 2 1 2 4 4 89 1 209 1 1 1
37 2 2 2 1 342 2 1 2 4 4 127 1 273 1 1 1
26 2 1 2 1 44 2 2 2 4 4 193 2 237 20 2 1
42 1 2 2 1 30 2 1 2 4 4 98 1 266 3 1 1
58 3 1 1 1 2142 2 1 2 4 4 41 2 274 3 1 1
53 4 1 2 1 1103 2 2 2 4 4 101 2 250 4 1 1
33 4 1 3 1 158 2 1 2 4 4 110 1 264 4 1 1
52 10 1 2 1 371 2 1 1 4 4 50 1 208 1 2 1
32 1 2 2 1 678 2 1 2 4 4 1579 1 246 4 1 2
31 3 1 1 1 141 2 1 2 4 4 572 2 238 7 2 2
47 5 1 2 1 -75 2 1 2 4 4 57 1 247 1 2 1
41 4 3 3 1 548 2 2 2 4 4 149 1 250 1 1 1
45 7 1 2 1 242 1 2 2 4 4 510 1 198 4 1 1
32 4 2 3 1 354 1 1 2 4 4 239 1 196 8 1 1
43 4 1 3 1 223 2 1 2 4 4 112 2 204 2 2 1
54 9 3 2 2 -200 1 2 2 4 4 71 1 243 1 1 1
45 4 1 2 1 1778 2 1 2 4 4 41 1 251 5 1 1
46 5 1 2 1 388 1 1 2 4 4 6 9 7 1 2 1
39 3 1 2 1 794 2 1 2 4 4 71 1 243 3 1 1
45 1 1 2 1 985 2 1 1 4 4 156 1 267 1 1 1
41 10 2 1 1 -94 2 1 2 4 4 1164 1 203 1 1 2
43 2 3 2 1 372 2 2 2 4 4 618 2 274 2 1 1
28 1 1 2 1 568 2 1 2 4 4 11 6 252 4 2 1
54 3 1 1 1 7249 2 2 2 4 4 102 2 77 1 1 1
37 4 1 3 1 175 2 2 2 4 4 430 2 272 3 2 1
33 3 2 1 1 641 2 1 2 4 4 147 1 253 7 2 1
34 5 1 2 1 272 2 1 2 4 4 287 1 201 2 1 1
50 1 2 2 1 167 1 2 2 4 4 346 2 191 3 1 1
51 4 1 3 1 362 2 1 2 4 4 108 4 272 2 1 1
30 3 2 1 1 222 1 2 2 4 4 111 1 204 2 2 1
43 1 2 2 1 6 1 1 2 4 4 58 1 264 1 1 1
42 1 1 2 1 1133 2 1 2 4 4 161 4 212 3 1 1
32 4 1 2 1 557 2 2 2 4 4 210 2 253 1 1 1
33 4 1 2 1 -241 2 2 2 4 4 117 1 253 1 1 1
28 2 2 2 1 458 1 1 2 4 4 112 4 201 3 1 1
40 6 3 2 1 6322 1 1 2 4 4 459 1 272 1 1 1
46 4 2 2 1 374 1 2 2 4 4 23 5 7 2 2 1
59 4 1 3 1 616 1 1 2 4 4 253 3 215 2 2 1
32 5 3 2 1 202 2 1 2 4 4 429 1 201 1 1 1
37 1 2 3 1 91 2 1 2 4 4 283 2 273 2 1 1
44 4 3 2 1 272 2 1 2 4 4 219 4 205 2 1 1
41 4 1 2 1 1245 2 1 2 4 4 123 1 271 1 1 1
52 5 1 2 1 463 2 1 2 4 4 132 6 267 5 1 1
34 2 1 2 1 382 2 2 2 4 4 494 2 198 7 1 1
49 5 1 1 1 196 1 1 2 4 4 9 7 163 24 2 1
36 5 1 2 1 627 1 2 2 4 4 146 3 244 1 2 1
53 7 1 2 1 230 2 1 2 4 4 56 2 250 1 2 1
53 4 3 3 1 255 2 1 2 4 4 134 2 272 2 1 1
34 10 1 2 1 47 1 1 2 4 4 362 2 169 2 1 1
32 4 1 3 1 651 2 1 2 4 4 628 2 267 2 1 1
56 3 1 3 1 199 2 2 2 4 4 331 2 209 1 1 1
33 1 2 2 1 304 1 2 2 4 4 160 2 212 2 2 1
40 5 1 2 1 694 2 1 2 4 4 97 4 196 5 1 1
29 1 1 2 1 0 2 2 2 4 4 376 2 229 3 2 1
43 5 1 2 1 0 2 2 2 4 4 539 8 204 5 1 1
50 3 1 1 1 3284 2 1 2 4 4 195 2 271 3 1 1
56 3 1 1 1 856 2 2 2 4 4 70 4 7 7 2 1
55 5 1 3 1 818 2 1 2 4 4 185 2 247 3 2 1
30 2 1 2 1 357 2 1 2 4 4 215 3 253 4 1 1
31 5 2 3 1 449 2 1 2 4 4 140 4 252 1 1 1
38 10 1 2 1 1029 2 1 2 4 4 206 3 223 1 2 1
49 4 1 2 1 171 1 1 2 4 4 19 3 175 2 2 1
54 3 3 1 1 427 2 2 2 4 4 85 2 231 2 2 1
58 7 1 1 1 0 2 2 2 4 4 304 2 229 2 1 1
60 9 1 2 1 2516 2 2 2 4 4 279 3 266 1 1 1
33 3 2 1 1 1240 2 1 2 4 4 505 2 260 1 2 1
27 4 1 2 1 1600 2 1 2 4 4 603 2 259 1 1 1
32 7 2 3 1 1770 1 2 2 4 4 206 2 188 6 1 1
29 1 2 2 1 260 2 1 2 4 4 453 2 273 2 1 1
45 4 1 3 1 412 2 1 1 4 4 45 5 265 13 1 1
32 3 2 1 1 156 2 1 2 4 4 82 2 246 6 1 1
27 2 1 2 1 199 1 1 2 4 4 108 2 195 6 1 1
53 4 1 3 1 805 2 2 1 4 4 136 7 268 2 2 1
37 3 1 1 1 1639 2 1 2 4 4 207 3 272 3 2 1
47 4 1 3 1 556 2 1 2 4 4 147 2 264 4 2 1
31 2 2 2 1 122 2 1 2 4 4 157 4 268 2 1 1
32 4 1 2 1 557 1 1 2 4 4 388 3 272 1 2 1
48 1 3 2 1 955 2 1 2 4 4 108 2 265 3 2 1
32 10 1 1 1 322 2 1 2 4 4 192 2 272 1 1 1
45 4 1 2 1 226 1 1 1 4 4 170 2 212 2 1 1
56 3 1 1 1 -762 2 2 2 4 4 19 10 7 5 2 1
53 3 3 2 1 1355 1 2 2 4 4 447 2 196 8 2 1
28 1 2 2 1 392 2 2 2 4 4 214 2 259 2 1 1
45 10 3 2 1 1966 2 1 2 4 4 76 2 204 3 2 1
32 3 1 1 1 1230 2 1 2 4 4 35 3 253 4 1 1
44 3 3 3 1 641 2 1 2 5 4 79 2 269 3 2 1
41 5 1 2 1 -329 1 1 1 5 4 13 8 238 9 2 1
36 11 2 2 1 904 1 1 1 5 4 36 9 8 13 2 1
31 3 3 1 1 106 2 1 2 5 4 67 2 202 1 1 1
33 3 1 2 1 165 2 1 1 5 4 126 3 258 15 2 1
27 4 1 2 1 245 2 1 2 5 4 7 7 255 11 1 1
46 3 1 1 1 -191 2 1 2 5 4 674 3 202 3 1 1
58 3 1 2 1 -382 1 1 1 5 4 398 4 189 12 3 1
41 1 3 2 1 4 2 1 2 5 4 232 1 211 1 1 1
37 3 3 1 1 132 2 1 2 5 4 175 5 253 1 2 1
54 4 1 2 1 844 1 1 1 5 4 8 7 189 18 2 1
50 1 3 2 1 381 1 1 2 5 4 519 1 212 2 2 1
29 4 2 2 1 0 2 1 2 5 4 16 9 253 1 1 1
31 11 2 2 1 334 2 1 2 5 4 195 4 233 2 2 1
35 2 3 2 1 440 2 1 2 5 4 103 1 248 1 1 1
35 3 3 1 1 500 2 1 2 5 4 177 1 252 1 1 1
33 3 1 1 1 741 1 1 2 5 4 283 1 260 1 1 1
34 5 1 2 1 1072 1 2 2 5 4 136 1 252 2 1 1
45 9 1 2 1 900 2 1 2 5 4 508 4 266 4 2 1
32 2 1 2 1 1066 2 1 2 5 4 150 1 262 9 1 1
44 4 1 2 1 794 2 1 2 5 4 342 1 252 1 2 1
39 5 1 2 1 994 1 1 2 5 4 221 1 241 1 1 1
47 4 3 2 1 1815 2 1 2 5 4 105 1 253 4 1 1
29 1 1 2 1 503 1 2 2 5 4 433 1 199 2 1 1
27 7 2 1 1 81 1 1 2 5 4 197 1 199 3 1 1
33 3 2 1 1 1410 2 1 2 5 4 8 1 254 5 1 1
59 4 1 3 1 99 2 1 2 5 4 43 1 261 3 1 1
33 7 3 3 1 596 1 2 2 5 4 308 1 213 1 2 1
30 4 2 2 1 144 2 1 2 5 4 259 1 260 3 1 1
32 5 1 2 1 3322 2 1 2 5 4 588 2 175 2 1 1
29 2 1 3 1 549 2 1 2 5 4 205 1 245 2 1 1
31 5 2 1 1 1109 1 1 2 5 4 642 1 167 2 1 2
33 3 2 1 1 7114 2 1 2 5 4 271 2 233 3 2 1
29 4 3 2 1 302 2 1 2 5 4 116 1 192 8 2 1
42 4 2 3 1 1628 2 1 2 5 4 119 1 195 8 3 1
34 4 1 2 1 563 1 2 2 5 4 384 1 2 2 1 1
26 4 1 2 1 624 2 1 2 5 4 188 1 247 4 2 1
30 4 2 3 1 105 2 1 2 5 4 131 1 265 1 1 1
32 1 2 2 1 642 2 1 2 5 4 52 1 253 2 1 1
30 3 2 2 1 293 2 1 2 5 4 232 1 253 2 1 1
54 7 1 1 1 1544 1 2 2 5 4 85 7 196 3 1 1
55 9 1 2 1 529 2 1 2 5 4 33 4 8 3 2 1
26 7 2 2 1 101 2 1 2 5 4 810 1 268 1 1 2
41 5 1 2 1 -378 2 1 2 5 4 361 1 253 2 1 1
41 3 1 1 1 13874 1 1 2 5 4 255 1 234 2 2 1
26 2 2 2 1 598 2 1 2 5 4 401 2 272 1 2 1
35 3 1 1 1 1557 2 2 2 5 4 225 1 268 1 1 1
42 3 1 3 1 -417 2 1 2 5 4 81 3 273 3 1 1
26 7 2 1 1 725 1 1 2 5 4 1916 2 189 29 2 2
39 10 2 1 1 917 2 1 2 5 4 161 2 258 1 1 1
26 10 2 2 1 1242 2 1 2 5 4 205 2 253 2 3 1
27 1 2 2 1 424 1 1 2 5 4 248 4 189 13 2 1
28 2 2 2 1 1820 2 1 2 5 4 134 2 203 1 3 1
59 5 1 2 1 201 1 1 2 5 4 52 1 8 7 2 1
42 5 1 2 1 2037 1 2 2 5 4 135 1 8 1 2 1
47 4 3 3 1 1927 2 1 2 5 4 130 4 275 3 1 1
57 3 1 2 1 287 1 2 2 5 4 75 1 8 2 2 1
46 1 1 2 1 939 1 1 2 5 4 69 2 8 1 2 1
30 11 2 2 1 61 1 2 2 5 4 133 5 8 2 2 1
49 4 1 3 1 217 2 1 2 5 4 537 2 196 4 2 1
30 2 2 2 1 405 2 1 2 5 4 103 1 265 2 2 1
37 11 2 2 1 681 1 1 2 5 4 187 1 8 1 2 1
41 3 1 1 1 1143 2 1 2 5 4 134 1 8 2 2 1
50 3 3 1 1 -5 2 1 2 5 4 1118 1 8 1 2 1
32 3 1 1 1 -149 1 1 2 5 4 93 1 8 1 2 1
29 10 1 1 1 476 1 2 2 5 4 148 1 8 2 2 1
34 5 3 1 1 66 1 2 2 5 4 102 1 170 2 1 1
40 3 1 2 1 18 2 1 2 5 4 166 1 8 2 2 1
58 9 2 2 1 -158 2 1 2 5 4 55 1 8 1 2 1
44 7 1 2 1 320 2 2 2 5 4 269 3 234 2 2 1
36 3 1 1 1 0 2 1 2 5 4 245 2 8 1 2 1
29 2 2 2 1 612 1 1 2 5 4 47 1 198 5 2 1
40 2 1 2 1 -212 2 2 2 5 4 71 1 258 1 1 1
33 2 2 2 1 406 2 1 2 5 4 61 1 275 1 1 1
57 3 3 1 1 442 1 1 2 5 4 41 1 253 3 1 1
49 4 1 3 1 1 1 2 2 5 4 98 1 210 1 2 1
54 8 3 3 1 2253 2 1 2 5 4 266 1 196 1 1 1
32 1 1 2 1 1661 2 1 2 5 4 76 1 209 2 1 1
32 2 1 2 1 182 1 1 2 5 4 277 1 169 2 1 1
57 2 1 3 1 -319 1 2 2 5 4 620 1 196 1 2 1
31 4 2 2 1 573 2 1 1 5 4 58 1 269 2 1 1
29 4 2 3 1 365 2 2 2 5 4 72 1 274 2 1 1
40 1 1 2 1 367 2 1 1 5 4 89 1 274 1 1 1
55 4 1 2 1 1765 2 1 2 5 4 445 1 267 1 1 1
30 5 2 2 1 728 2 1 2 5 4 393 1 261 1 2 1
42 5 1 2 1 315 2 1 2 5 4 208 1 275 2 1 1
45 2 1 2 1 925 2 1 2 5 4 118 2 232 4 2 1
34 3 3 1 1 0 1 1 2 5 4 108 4 175 3 1 1
45 5 1 2 1 858 1 1 2 5 4 617 4 251 2 1 1
38 5 3 1 1 915 2 1 2 5 4 22 7 266 4 2 1
30 6 2 2 1 79 1 2 2 5 4 528 2 196 1 1 1
32 1 3 2 1 2294 2 1 2 5 4 342 2 260 2 1 1
41 7 2 1 1 791 2 1 2 5 4 215 1 80 1 2 1
58 5 1 2 1 0 2 1 2 5 4 1823 1 205 1 1 1
40 4 1 3 1 665 2 1 2 5 4 177 3 211 1 3 1
33 3 3 1 1 1 2 1 2 5 4 26 8 267 1 2 1
27 5 2 2 1 126 2 2 2 5 4 147 2 216 4 1 1
36 11 2 2 1 624 1 1 2 5 4 518 2 8 1 2 1
48 4 1 2 1 750 1 1 2 5 4 85 2 8 2 2 1
48 4 1 2 1 426 2 2 2 5 4 153 2 177 2 1 1
31 11 2 1 1 2010 2 1 2 5 4 15 5 261 1 2 1
42 8 1 3 1 4279 2 1 2 5 4 97 1 198 1 1 1
46 5 1 1 1 157 1 1 2 5 4 120 2 224 1 1 1
37 4 1 3 1 95 2 1 2 5 4 415 2 272 2 1 1
31 7 2 1 1 544 1 2 2 5 4 401 2 8 3 2 1
38 8 1 2 1 333 2 1 2 5 4 606 2 202 1 2 1
44 3 1 1 1 1451 2 1 2 5 4 80 7 80 15 1 1
44 5 1 1 1 184 2 2 2 5 4 653 3 8 2 2 1
60 1 2 2 1 473 1 1 2 5 4 175 2 8 1 2 1
41 4 1 3 1 336 2 1 2 5 4 192 2 8 1 2 1
33 3 1 1 1 377 2 1 2 5 4 213 2 276 1 1 1
37 4 1 3 1 655 2 1 2 5 4 127 2 258 4 1 1
37 3 1 1 1 21 2 1 2 5 4 89 2 252 2 1 1
30 5 1 2 1 436 2 1 2 5 4 138 3 206 8 2 1
40 6 1 1 1 2135 2 1 2 5 4 171 5 230 1 1 1
43 1 2 2 1 1022 2 1 2 5 4 163 3 276 2 1 1
35 4 2 2 1 0 2 1 2 5 4 155 3 254 1 2 1
43 1 2 2 1 375 1 2 2 5 4 193 2 199 4 1 1
33 4 2 2 1 123 2 1 2 5 4 273 3 212 4 1 1
37 4 2 2 1 111 2 1 2 5 4 60 2 272 2 1 1
32 4 3 3 1 158 2 1 2 5 4 728 4 253 1 1 1
43 6 1 2 1 511 2 2 1 5 4 191 5 190 5 2 1
38 1 3 2 1 19 2 1 2 5 4 1130 3 251 2 3 2
31 5 2 1 1 3729 2 1 2 5 4 176 2 8 10 2 1
33 4 2 2 1 687 2 1 2 6 4 178 2 273 1 1 1
39 3 2 1 1 0 2 1 2 6 4 13 8 9 2 2 1
30 3 2 1 1 640 1 1 2 6 4 124 4 213 2 1 1
29 4 1 2 1 247 1 2 2 6 4 204 2 214 1 1 1
38 4 1 3 1 346 1 1 2 6 4 15 3 9 3 2 1
52 3 1 2 1 4873 1 1 1 6 4 381 6 213 9 1 1
44 3 1 1 1 445 1 2 1 6 4 135 2 9 7 2 1
43 5 1 3 1 321 2 1 2 6 4 12 5 268 6 2 1
51 3 1 1 1 -321 1 1 2 6 4 470 2 9 2 2 1
56 1 1 2 1 1554 2 2 2 6 4 15 6 190 27 2 1
30 6 2 1 1 306 1 1 2 6 4 90 6 256 14 1 1
37 2 2 3 1 0 1 2 2 6 4 155 6 245 5 2 1
35 1 3 2 1 627 2 1 2 6 4 298 6 275 2 1 1
49 10 1 1 1 503 2 1 2 6 4 310 4 200 1 1 1
55 5 1 2 1 312 1 1 2 6 4 13 8 9 3 2 1
32 2 2 2 1 124 2 1 2 6 4 202 3 9 5 2 1
41 3 1 2 1 611 2 1 2 6 4 38 1 212 1 2 1
31 3 2 1 1 12857 2 1 2 6 4 158 1 92 1 3 2
44 5 1 2 1 310 2 1 2 6 4 200 1 253 1 1 1
43 3 1 1 1 479 2 1 2 6 4 168 1 254 2 1 1
31 2 1 2 1 1801 2 1 1 6 4 136 1 274 2 1 1
41 4 3 2 1 351 2 1 2 6 4 12 8 268 9 2 1
41 3 1 1 1 326 1 1 2 6 4 163 1 182 2 1 1
31 1 2 1 1 383 1 2 2 6 4 119 1 214 1 1 1
38 4 1 2 1 121 2 2 2 6 4 168 1 212 2 1 1
40 3 1 2 1 6695 2 1 2 6 4 297 1 252 1 1 1
52 3 3 3 1 11 1 1 2 6 4 365 1 9 1 2 1
31 3 1 1 1 140 1 1 2 6 4 9 8 212 4 2 1
37 5 1 2 1 -254 2 2 2 6 4 121 3 254 2 1 1
58 2 1 3 1 443 1 1 1 6 4 41 2 204 1 1 1
60 1 3 2 1 -41 2 2 2 6 4 1658 1 262 1 1 2
37 6 3 2 1 74 2 1 2 6 4 120 1 275 1 1 1
28 4 2 2 1 517 1 2 2 6 4 91 3 213 1 3 1
32 4 2 3 1 1450 2 1 2 6 4 72 6 273 1 2 1
60 5 1 2 1 1139 1 1 2 6 4 67 2 207 2 1 1
43 1 2 2 1 309 2 1 1 6 4 24 5 276 1 2 1
41 4 1 3 1 0 2 1 2 6 4 620 4 200 4 3 1
36 2 2 2 1 417 2 1 2 6 4 15 10 207 3 1 1
46 5 1 3 1 718 2 1 2 6 4 80 2 268 1 1 1
47 3 1 1 1 0 2 1 1 6 4 138 4 9 2 2 1
57 1 3 2 2 -435 2 2 2 6 4 89 5 273 2 1 1
34 5 2 2 1 347 2 1 2 6 4 154 2 197 6 1 1
45 4 1 2 1 776 2 1 2 6 4 232 4 253 1 1 1
35 3 2 1 1 1064 2 1 2 6 4 69 2 261 1 2 1
47 10 1 1 1 -80 2 1 2 6 4 150 3 270 2 1 1
54 9 2 2 1 515 2 1 2 6 4 115 2 234 1 1 1
35 1 3 2 1 183 1 2 2 6 4 12 7 217 1 1 1
47 10 1 1 1 917 1 1 2 6 4 518 3 212 5 1 1
38 3 1 1 1 569 2 1 2 6 4 105 2 252 1 1 1
49 9 3 2 1 -268 2 1 2 6 4 42 2 206 5 1 1
35 3 2 2 1 6809 2 1 1 6 4 139 8 273 7 1 1
27 10 3 2 1 165 2 1 2 6 4 1160 2 192 4 1 1
42 5 1 2 1 769 1 1 2 6 4 187 2 246 1 1 1
33 4 2 1 1 350 2 1 2 6 4 148 7 227 5 1 1
55 5 1 2 1 517 2 2 2 6 4 47 3 263 4 1 1
58 2 1 2 1 -37 1 2 1 6 4 150 2 205 6 1 1
56 5 2 3 1 145 2 1 1 6 4 124 2 9 2 2 1
33 5 2 2 1 10 2 1 2 6 4 71 2 274 1 1 1
28 4 1 2 1 1137 1 1 2 6 4 129 4 211 3 2 1
32 8 1 3 1 -184 2 1 2 6 4 129 2 197 1 1 1
46 7 1 2 1 122 1 1 2 6 4 1047 2 1 7 1 1
33 3 1 1 1 17946 2 1 2 6 4 195 5 259 1 1 1
52 4 1 3 1 320 2 1 2 6 4 306 3 253 4 2 1
40 4 1 3 1 451 2 1 2 6 4 356 3 262 1 1 1
34 3 1 1 1 0 1 1 2 6 4 787 3 9 1 2 2
37 4 1 2 1 688 2 1 2 9 4 158 2 279 2 1 1
50 4 1 3 1 859 2 2 1 9 4 56 5 196 7 1 1
49 4 1 3 1 474 2 2 1 9 4 152 3 221 1 1 1
33 1 1 2 1 347 2 1 2 9 4 7 7 193 13 1 1
33 3 3 1 1 -848 2 1 1 9 4 12 12 256 2 2 1
35 3 1 1 1 354 1 2 2 9 4 117 4 12 2 2 1
33 5 2 2 1 0 2 2 2 9 4 47 2 12 4 2 1
30 4 1 3 1 243 1 2 2 9 4 133 2 213 2 1 1
56 5 3 2 1 0 2 1 2 9 4 139 5 265 4 1 1
43 4 1 2 1 130 2 1 2 9 4 146 3 256 1 1 1
32 4 1 3 1 183 2 1 2 9 4 308 4 208 3 2 1
27 4 2 2 1 539 2 1 2 9 4 268 5 252 2 1 1
33 5 1 2 1 0 2 1 2 9 4 176 2 262 2 1 1
34 1 2 2 1 1 2 1 2 9 4 185 7 280 1 2 1
32 5 1 2 1 106 1 1 2 9 4 12 8 174 9 2 1
27 1 2 2 1 -550 2 1 2 9 4 176 3 195 15 2 1
30 3 2 1 1 3773 2 1 2 9 4 75 4 258 1 1 1
32 10 2 2 1 360 2 1 2 9 4 175 3 259 4 1 1
33 4 2 1 1 700 1 1 2 9 4 126 1 88 1 3 2
36 10 1 2 1 1245 2 1 2 9 4 8 7 248 9 3 1
56 3 3 1 1 505 1 1 2 9 4 108 2 199 3 2 1
39 4 1 2 1 20 2 1 2 9 4 686 5 279 1 1 1
46 2 1 2 1 561 2 1 2 9 4 84 4 256 7 1 1
29 6 2 1 1 0 2 1 2 9 4 102 3 12 3 2 1
40 5 1 1 1 516 2 1 2 9 4 175 5 12 1 2 1
48 5 1 1 1 150 2 1 2 9 4 168 2 203 7 1 1
54 4 1 2 1 2047 1 1 1 9 4 150 7 194 6 1 1
35 4 2 2 1 0 2 1 2 9 4 226 3 280 1 2 1
35 4 1 2 1 -100 2 1 1 9 4 13 7 272 9 1 1
58 4 1 3 1 42 2 1 2 9 4 96 6 264 3 1 1
48 4 1 3 1 683 2 1 2 9 4 144 5 209 12 1 1
46 2 1 2 1 692 2 1 2 9 4 388 3 257 2 1 1
49 6 2 1 1 631 1 1 2 9 4 140 6 12 1 2 1
31 4 2 2 1 42 1 1 2 9 4 473 3 12 2 2 1
54 3 1 2 1 2895 2 1 2 9 4 20 2 256 1 1 1
47 4 1 2 1 0 2 1 2 9 4 168 4 180 2 2 1
40 4 1 3 1 3462 2 1 2 9 4 171 3 277 4 2 1
28 3 2 1 1 385 1 2 2 9 4 79 4 193 7 1 1
37 6 1 2 1 356 1 1 2 9 4 33 2 216 1 1 1
33 5 2 2 1 0 2 1 2 9 4 91 3 236 4 2 1
42 3 2 1 1 1285 2 1 2 9 4 21 3 252 4 2 1
51 1 1 2 1 -229 1 1 2 9 4 18 3 12 1 2 1
34 1 1 2 1 0 2 1 2 10 4 97 1 85 1 1 2
36 5 1 1 1 99 2 2 2 10 4 86 1 85 1 1 1
37 2 2 2 1 248 2 1 2 10 4 77 1 279 2 1 1
38 3 1 1 1 184 1 1 2 10 4 64 2 188 2 1 1
51 5 1 1 1 1347 2 2 2 10 4 160 1 243 1 1 2
40 4 1 2 1 5060 1 1 2 10 4 154 2 93 1 3 2
39 3 1 2 1 363 2 2 2 11 4 67 1 209 1 1 1
31 1 2 2 1 554 2 1 2 11 4 80 1 6 1 1 1
28 1 1 1 1 174 2 2 2 11 4 56 1 184 2 1 1
54 3 3 1 1 26306 2 1 2 11 4 27 1 84 3 1 1
31 3 2 2 2 0 1 1 2 11 4 112 4 85 2 1 1
37 1 1 2 1 1314 2 1 2 12 4 118 4 210 3 1 2
43 3 3 1 1 36 1 1 2 13 4 61 1 193 1 1 1
45 5 1 2 1 2403 1 1 2 13 4 147 2 84 1 1 1
33 3 2 1 1 3552 1 1 2 13 4 158 2 85 3 1 2
54 3 1 1 1 2960 2 1 2 13 4 94 9 85 1 1 1
35 11 2 2 1 188 2 1 2 16 4 75 3 200 5 1 2
44 1 3 2 1 397 2 2 2 16 4 127 1 257 1 2 2
51 5 1 2 1 195 2 1 2 17 4 105 1 92 1 1 1
59 3 1 1 1 1831 1 1 2 17 4 122 1 92 1 1 1
39 5 1 2 1 4101 2 1 2 18 4 146 2 264 1 2 2
56 3 3 1 1 722 1 1 2 19 4 134 3 94 2 1 1
25 11 1 1 1 4923 2 2 2 19 4 266 2 219 12 2 1
56 2 3 2 1 935 1 1 2 26 4 112 1 227 2 1 1
35 5 3 2 1 2823 2 1 2 26 4 74 1 24 1 1 1
49 10 1 1 1 503 2 1 2 27 4 118 5 21 5 1 1
36 1 1 2 1 725 2 1 2 27 4 123 3 99 8 1 1
36 5 1 2 1 6384 2 2 2 27 4 59 1 101 1 1 1
30 3 2 1 1 5561 2 1 2 27 4 195 1 100 1 3 2
37 3 1 1 1 708 2 1 2 27 4 32 4 225 3 1 1
38 5 1 2 1 5115 2 1 2 27 4 99 1 102 6 3 2
39 4 2 3 1 581 2 1 2 27 4 233 1 270 1 2 2
34 3 1 1 1 1036 2 1 2 2 5 78 4 103 7 1 1
54 3 1 1 1 446 1 1 2 3 5 133 4 102 4 2 1
60 9 1 2 1 404 1 1 2 5 5 308 2 196 2 1 2
53 3 1 2 1 2693 1 1 2 5 5 90 1 104 1 1 2
45 1 3 2 1 2353 2 1 2 5 5 182 1 107 2 2 2
31 3 3 1 1 883 2 1 2 5 5 112 2 106 1 1 2
44 3 2 1 1 483 1 1 2 6 5 207 2 199 6 3 2
38 3 1 1 1 1101 2 1 2 9 5 78 2 120 1 1 1
29 5 1 1 1 676 1 1 2 9 5 93 2 224 4 1 1
37 6 2 1 1 1316 2 1 2 10 5 350 2 112 3 1 2
34 3 1 1 1 1674 2 1 2 10 5 113 1 210 7 1 1
28 4 2 2 1 387 2 1 2 13 5 61 11 282 1 2 1
56 3 1 2 1 1928 1 1 2 16 5 61 6 115 4 1 1
48 5 1 2 1 1981 2 1 2 16 5 291 3 238 2 3 1
37 2 2 2 1 1045 1 1 2 17 5 406 2 41 1 1 2
30 3 1 1 1 8089 2 1 2 18 5 232 2 294 2 1 2
59 1 1 2 1 3735 1 1 2 18 5 203 4 121 2 1 2
41 3 2 1 1 120 1 2 2 24 5 81 1 49 3 2 1
34 5 1 2 1 390 2 1 2 27 5 95 2 231 2 1 2
38 1 1 1 1 1988 1 1 2 27 5 164 2 130 2 1 2
46 1 1 2 1 -522 2 1 2 27 5 243 3 239 13 2 2
32 3 2 1 1 1613 1 1 2 30 5 253 2 129 5 1 1
34 5 2 1 1 2658 2 1 2 31 5 265 1 230 2 1 1
29 3 1 1 1 250 2 1 2 31 5 371 2 257 1 2 1
32 5 2 1 1 392 2 1 2 1 6 957 2 131 2 1 1
39 5 3 2 1 688 2 2 2 1 6 233 2 133 1 1 1
59 9 1 2 1 1035 2 2 2 1 6 126 2 239 1 1 1
33 1 2 2 1 285 2 1 2 1 6 427 1 329 1 2 1
47 4 1 2 1 398 2 2 2 1 6 274 1 238 2 1 1
37 3 1 2 1 1180 2 2 2 1 6 786 1 135 1 2 1
32 2 2 1 1 1743 2 1 2 1 6 1156 1 261 3 2 1
54 9 1 2 1 1004 2 1 2 1 6 479 1 307 1 1 1
35 5 1 2 1 0 1 1 2 1 6 295 1 303 1 2 1
46 10 3 1 1 926 2 1 2 1 6 463 1 133 3 1 1
49 1 1 3 1 686 2 2 2 1 6 286 2 225 4 2 1
34 4 1 2 1 1924 2 2 2 1 6 161 2 253 1 1 1
45 2 3 2 1 396 2 2 2 1 6 251 4 329 4 1 1
58 3 3 1 1 315 2 1 2 1 6 121 2 135 2 1 1
49 3 3 1 1 20727 1 1 2 1 6 285 3 132 2 1 1
49 1 1 2 1 182 2 1 2 2 6 303 1 331 2 1 1
33 4 1 2 1 3576 2 1 2 2 6 124 1 308 2 2 1
36 5 1 2 1 4613 1 1 2 2 6 320 1 134 2 1 1
39 5 1 2 1 508 2 1 2 2 6 598 2 135 5 1 1
48 2 1 2 1 0 2 1 2 2 6 146 1 267 1 1 1
46 10 1 2 1 -30 2 2 2 2 6 164 1 300 2 1 1
35 10 1 1 1 560 2 1 2 2 6 58 1 136 1 1 1
35 10 1 1 1 1250 2 1 2 2 6 361 1 136 1 2 1
58 5 1 2 1 1 1 1 2 2 6 333 1 64 2 1 1
35 3 2 1 1 4348 2 1 2 2 6 1074 3 217 8 1 1
32 1 1 1 1 233 2 1 2 2 6 77 2 133 4 1 1
30 3 2 1 1 0 2 1 2 2 6 293 2 314 2 1 1
53 4 1 3 1 1409 2 1 2 2 6 464 1 287 1 1 1
40 3 1 3 1 738 2 2 2 2 6 399 2 258 3 1 1
35 4 1 2 1 2643 2 1 2 2 6 96 3 330 1 2 1
57 3 1 1 1 1631 2 1 2 2 6 254 2 261 3 1 1
37 3 1 1 1 489 2 1 2 3 6 246 2 133 6 1 1
38 5 1 2 1 -421 2 1 2 3 6 187 1 332 5 1 1
54 9 1 3 1 136 2 1 2 3 6 352 1 332 2 1 1
56 1 1 3 1 0 2 1 2 3 6 353 2 227 4 1 1
50 3 1 1 1 414 2 1 2 3 6 707 1 302 3 1 2
24 2 2 2 1 496 2 1 2 3 6 297 1 323 2 1 1
35 1 1 2 1 3187 2 1 2 3 6 445 1 135 3 1 1
31 2 2 2 1 695 2 1 2 3 6 314 1 318 1 1 1
34 4 2 2 2 -60 1 1 2 3 6 84 1 332 1 1 1
38 5 1 2 1 275 2 1 2 3 6 277 2 333 1 1 1
56 9 1 2 1 3948 1 1 2 3 6 484 1 135 3 1 1
39 3 1 2 1 517 2 1 2 3 6 240 1 136 5 1 1
43 6 1 2 1 1943 2 1 2 3 6 273 2 136 2 1 1
28 5 2 1 1 172 2 2 2 3 6 100 14 60 2 1 1
42 7 1 1 1 2249 2 1 1 3 6 362 2 136 6 1 1
33 1 1 1 1 1636 2 2 2 3 6 105 1 136 1 1 1
36 5 3 2 1 666 2 2 2 3 6 190 1 133 1 2 1
55 4 3 2 1 1613 2 1 2 3 6 296 1 270 3 1 2
44 7 2 1 1 1136 2 2 2 3 6 345 2 249 7 2 1
49 5 1 1 1 523 2 1 2 3 6 203 1 31 2 3 1
48 1 1 3 1 4459 2 1 2 3 6 439 2 240 1 1 1
40 7 1 1 1 2644 2 1 2 3 6 235 1 133 3 1 1
44 4 1 3 1 612 2 2 2 3 6 1091 1 135 1 1 1
39 5 2 1 1 54 2 1 2 3 6 204 2 248 12 1 1
41 10 1 2 1 3123 2 1 2 3 6 1203 2 135 2 1 2
37 1 1 2 1 1335 2 1 1 3 6 309 4 262 4 2 1
50 3 1 1 1 101 2 1 2 6 6 43 2 326 1 1 1
37 3 1 3 1 3953 2 1 2 6 6 610 2 138 1 1 1
43 3 3 1 1 20 1 1 2 6 6 590 2 255 2 1 1
40 3 1 1 1 285 2 1 2 6 6 322 1 265 3 3 1
34 5 2 2 1 2729 2 1 2 6 6 945 1 139 1 3 1
35 4 1 2 1 270 2 2 2 6 6 332 2 335 1 1 1
45 4 1 2 1 -73 2 1 2 6 6 551 3 313 9 1 1
33 5 2 1 1 127 2 1 2 6 6 583 2 222 17 1 2
38 5 2 2 1 12926 2 1 2 6 6 271 2 307 1 1 1
32 2 1 2 1 393 1 1 2 6 6 211 2 266 2 1 1
47 1 2 2 1 1544 2 1 2 6 6 104 1 312 1 1 1
45 4 1 2 1 146 2 2 2 6 6 294 1 305 15 1 1
39 3 2 1 1 2651 1 1 2 6 6 139 2 136 5 2 1
44 3 1 2 1 8262 2 1 2 6 6 150 1 257 16 1 1
30 5 2 2 1 10152 2 1 2 6 6 1108 2 270 1 1 1
44 4 1 2 1 545 2 1 2 6 6 122 3 136 1 1 1
35 5 1 2 1 5553 2 1 2 6 6 371 3 136 7 1 1
40 1 2 2 1 462 2 2 2 6 6 272 1 335 4 2 1
40 4 1 3 1 2133 2 2 2 6 6 377 3 325 1 1 1
37 1 1 2 1 1207 2 1 1 6 6 1353 2 138 2 3 2
37 5 2 1 1 3943 1 1 2 6 6 1138 2 138 1 1 2
59 2 1 3 1 1562 2 1 1 6 6 471 2 270 1 2 1
42 4 1 3 1 574 2 1 2 6 6 357 2 327 2 1 1
46 1 2 2 1 757 2 2 2 6 6 342 3 256 3 1 1
33 1 2 2 1 2554 2 1 1 6 6 125 3 249 15 1 1
41 1 3 2 1 270 2 1 2 6 6 143 1 336 1 1 1
36 5 1 2 1 0 2 1 2 6 6 583 3 335 2 2 1
46 1 3 2 1 1198 2 2 2 7 6 837 1 307 1 2 1
41 5 1 2 1 2185 2 1 2 7 6 157 4 309 4 2 1
33 2 1 2 1 387 2 1 2 7 6 327 2 138 2 1 1
43 4 1 2 1 902 2 1 2 7 6 91 1 328 1 1 1
33 3 1 1 1 663 2 1 2 7 6 381 1 243 4 1 1
36 4 2 2 1 3508 2 1 2 7 6 183 1 266 3 1 1
31 3 1 2 1 625 2 1 2 7 6 424 1 138 1 1 1
33 4 2 2 1 706 2 1 2 7 6 329 1 322 1 1 1
53 4 3 2 1 1912 2 2 2 7 6 210 1 253 2 1 1
40 1 1 2 1 2591 2 2 2 7 6 389 1 266 2 2 1
32 4 1 2 1 897 2 1 2 7 6 293 3 322 2 1 1
53 4 1 3 1 53 2 1 2 7 6 208 1 140 1 1 1
29 10 2 1 1 1457 2 1 2 7 6 89 1 314 1 2 1
35 7 1 1 1 1859 2 1 2 7 6 157 1 267 2 1 1
31 4 1 3 1 1601 1 1 2 7 6 615 1 137 3 1 1
37 5 3 1 1 1174 2 1 2 7 6 436 1 140 2 1 1
41 2 1 2 1 446 2 1 2 7 6 93 3 140 2 1 1
39 4 2 3 1 581 2 1 2 7 6 620 1 39 2 3 1
48 2 1 2 1 665 2 1 2 7 6 271 2 230 3 1 1
42 5 3 3 1 5076 2 1 2 7 6 99 1 251 2 2 1
35 3 1 1 1 0 2 1 2 7 6 139 1 243 2 2 1
33 4 1 3 1 1064 2 1 2 7 6 311 1 330 1 1 1
35 3 2 1 1 714 2 1 2 7 6 263 2 224 22 1 1
43 5 2 2 1 4990 2 1 2 7 6 58 1 228 10 1 1
24 1 2 2 1 5 1 1 2 7 6 66 1 330 1 1 1
49 7 3 1 1 1342 2 2 2 7 6 253 1 140 1 1 1
36 2 1 2 1 1746 2 1 2 7 6 15 1 316 1 1 1
36 1 3 2 1 356 2 1 2 7 6 244 3 313 1 1 1
31 11 2 2 1 735 1 1 2 7 6 88 3 322 1 2 1
44 6 1 2 1 728 2 1 2 7 6 185 1 328 11 1 1
41 3 1 1 1 5 2 1 2 7 6 542 3 140 3 1 1
34 6 1 2 1 428 2 1 2 7 6 221 2 267 3 2 1
40 4 2 3 1 446 2 1 2 8 6 594 4 331 1 1 1
38 4 1 2 1 6994 2 1 1 8 6 169 1 139 2 1 1
42 5 1 2 1 233 1 1 2 8 6 98 1 231 4 1 1
36 4 2 2 1 1822 2 1 2 8 6 952 1 323 1 2 2
35 4 1 2 1 2926 2 1 2 8 6 182 1 292 25 1 1
37 1 2 2 1 810 2 1 2 8 6 376 1 295 1 1 1
35 5 2 1 1 458 2 1 2 8 6 2129 1 322 3 1 1
55 10 1 2 1 12159 2 1 2 8 6 179 5 139 4 1 1
39 1 1 2 1 217 2 1 2 8 6 284 1 308 4 1 1
48 3 1 2 1 4415 2 1 2 8 6 1032 3 141 7 1 2
34 11 2 1 1 3404 2 1 2 8 6 420 1 139 5 1 1
36 10 1 3 1 1094 2 1 2 8 6 291 1 335 1 1 1
45 4 1 3 1 31 1 1 2 8 6 393 2 310 1 2 1
32 5 1 2 1 303 2 1 2 8 6 150 1 267 4 1 2
38 5 1 1 1 3234 1 1 2 8 6 281 1 141 2 3 1
40 7 1 1 1 2310 2 2 2 8 6 120 1 294 1 1 1
50 5 2 2 1 -97 2 1 2 8 6 425 1 306 2 1 1
32 5 1 2 1 1951 2 1 2 8 6 518 2 261 2 1 1
33 3 2 1 1 318 2 1 2 8 6 1190 1 141 3 2 2
44 1 1 2 1 1807 2 2 2 8 6 229 1 313 1 1 1
35 3 1 1 1 1725 2 2 2 8 6 180 2 254 7 1 1
35 3 1 1 1 24 2 1 2 8 6 169 1 231 2 1 1
39 2 1 2 1 702 2 1 2 8 6 303 1 300 1 1 1
30 2 2 2 1 1268 2 1 2 8 6 105 4 320 8 2 2
26 4 1 2 1 352 2 1 2 8 6 213 3 317 4 2 1
37 5 1 2 1 523 2 1 2 8 6 171 2 139 4 1 1
38 4 2 2 1 2580 2 1 2 8 6 1691 2 264 3 1 2
30 3 1 1 1 357 2 1 2 8 6 78 2 289 2 2 1
37 2 2 2 1 248 2 1 2 8 6 417 2 57 3 1 1
58 9 3 1 1 5253 1 1 2 9 6 162 4 295 3 1 1
38 4 1 2 1 13849 2 1 2 9 6 286 4 321 5 1 1
32 5 1 2 1 344 2 1 2 9 6 68 3 140 2 1 1
33 4 1 3 1 331 2 1 2 9 6 435 2 314 3 1 1
36 4 1 3 1 2730 2 1 2 9 6 105 1 323 1 1 1
57 4 1 2 1 1412 2 1 2 9 6 89 1 330 1 1 1
41 2 1 2 1 803 2 1 2 9 6 592 4 316 3 1 2
34 3 1 1 1 159 2 2 2 9 6 150 1 275 2 2 1
39 3 1 1 1 272 2 1 2 9 6 85 1 325 1 2 1
33 5 2 2 1 719 2 1 2 9 6 448 2 316 6 1 2
51 4 3 3 1 155 2 2 2 9 6 220 1 142 1 1 1
39 5 1 2 1 958 2 1 2 9 6 141 5 142 4 1 1
42 3 1 1 1 1773 1 1 2 9 6 311 1 336 1 1 1
29 4 2 2 1 314 2 1 2 9 6 161 1 316 2 2 1
32 1 1 2 1 393 2 1 2 9 6 236 1 330 1 1 1
34 6 1 2 1 438 2 2 2 9 6 272 1 323 1 1 1
35 1 1 2 1 159 2 1 2 9 6 259 2 262 1 1 1
42 5 1 2 1 488 1 1 2 9 6 230 1 325 1 2 1
51 4 1 3 1 5131 2 1 2 9 6 348 1 329 2 1 1
34 2 2 3 1 25 2 2 2 9 6 96 4 314 8 2 1
42 7 1 2 1 0 2 1 2 9 6 331 1 140 4 1 2
34 5 1 2 1 1012 2 2 2 9 6 353 2 163 1 3 1
30 4 1 2 1 177 2 1 2 9 6 62 2 332 3 1 1
40 3 3 1 1 1315 2 1 2 9 6 466 2 141 5 1 1
43 4 1 2 1 664 2 1 2 9 6 290 2 301 1 1 1
55 10 1 2 1 2408 1 1 1 9 6 327 2 140 1 1 1
31 2 2 2 1 900 2 1 2 9 6 221 2 140 6 1 1
41 4 1 3 1 3658 2 1 2 9 6 268 1 330 1 1 1
37 5 2 2 1 1590 2 1 2 9 6 121 5 315 3 2 1
40 4 1 2 1 1554 2 1 2 9 6 385 2 331 1 1 1
34 7 1 2 1 1847 2 1 2 9 6 543 3 321 6 1 1
38 1 2 1 1 -898 2 1 2 9 6 345 2 323 1 1 1
34 2 1 2 1 404 2 1 2 9 6 208 12 337 1 1 1
34 1 1 1 1 899 2 1 2 9 6 627 2 141 7 1 1
28 3 3 1 1 229 2 1 2 9 6 1042 2 315 2 2 2
35 7 1 1 1 7962 2 1 2 9 6 275 2 140 2 1 1
36 5 1 2 1 569 2 1 2 9 6 265 1 323 5 1 1
39 5 1 1 1 1161 2 1 2 9 6 236 1 336 1 1 1
41 4 1 2 1 -56 2 1 2 13 6 137 1 333 2 2 1
42 7 1 1 1 1068 2 1 2 13 6 444 1 300 8 1 1
45 4 1 2 1 96 2 1 2 13 6 348 3 256 2 1 2
34 1 1 2 1 1499 2 1 2 13 6 186 1 327 2 1 1
52 4 1 2 1 8180 2 1 2 13 6 81 1 144 1 1 1
45 1 2 2 1 946 2 1 2 13 6 754 3 143 6 1 1
60 3 1 3 1 252 2 2 2 13 6 123 2 147 3 1 1
49 4 2 2 1 8982 2 1 2 13 6 470 2 334 1 1 1
31 3 1 1 1 357 2 1 2 13 6 201 2 228 5 1 1
31 4 1 2 1 1716 2 1 2 13 6 542 2 340 2 2 1
38 1 3 2 1 3834 2 1 2 13 6 363 2 327 1 1 1
43 4 1 3 1 1288 2 1 2 13 6 136 1 334 1 1 1
38 4 1 2 1 1663 2 1 2 13 6 217 3 327 1 1 1
42 4 1 3 1 7735 2 1 2 13 6 166 1 144 2 1 1
41 5 1 1 1 816 2 2 2 13 6 520 2 319 1 1 1
34 3 1 1 1 1116 2 1 2 13 6 120 1 262 5 1 1
43 4 3 3 1 515 2 1 2 13 6 199 2 146 1 1 1
33 3 2 1 1 215 2 1 2 13 6 1058 1 17 1 1 1
44 10 2 1 1 1367 2 1 2 13 6 1232 3 146 1 2 2
35 4 1 2 1 120 2 1 2 14 6 269 3 328 1 1 1
44 2 1 2 1 1450 2 1 2 14 6 356 1 314 2 1 1
41 3 1 1 1 -456 1 1 2 14 6 427 4 144 1 1 1
45 5 2 3 1 237 2 1 2 14 6 110 1 263 1 1 1
33 3 1 1 1 0 2 1 2 14 6 535 3 328 1 1 2
25 11 2 2 1 1765 2 1 1 14 6 111 3 326 2 1 1
31 4 2 2 1 609 2 1 2 14 6 1126 1 335 1 1 1
33 1 2 2 1 572 2 1 2 14 6 344 1 74 2 1 2
37 5 1 2 1 474 2 1 2 14 6 85 1 322 1 1 1
54 1 1 2 1 3136 2 1 1 14 6 104 1 146 1 1 1
32 4 1 2 1 180 2 1 2 14 6 179 1 334 1 2 1
29 2 1 2 1 690 2 1 2 14 6 553 2 316 1 2 1
44 1 3 2 1 0 1 1 2 14 6 1594 1 148 1 1 2
38 1 1 2 1 766 2 1 2 14 6 461 2 335 1 1 1
27 10 1 1 1 10005 2 1 2 14 6 163 3 271 2 1 1
34 4 2 2 1 47 2 1 2 14 6 232 1 147 2 1 1
43 4 1 3 1 2273 2 1 2 14 6 424 2 147 3 1 1
32 3 2 1 1 574 2 1 2 14 6 259 2 145 3 1 1
36 4 1 2 1 325 1 1 2 14 6 119 2 337 2 1 1
52 2 1 2 1 2904 2 1 2 15 6 201 6 272 3 1 1
52 3 1 1 1 1944 2 1 2 15 6 238 3 323 2 1 1
35 1 1 2 1 5250 2 1 2 15 6 343 2 146 1 1 1
43 2 1 3 1 2557 2 1 1 15 6 165 2 327 3 1 2
32 2 1 2 1 1129 2 1 2 15 6 903 2 341 2 1 2
40 2 3 2 1 1062 2 1 2 15 6 389 2 299 4 1 1
33 3 2 1 1 1271 2 1 2 15 6 636 3 330 1 1 2
46 3 1 2 1 4105 2 1 2 15 6 115 3 258 2 1 1
32 5 2 2 1 674 2 2 2 15 6 169 1 316 3 1 1
53 10 3 2 1 8112 2 2 2 15 6 75 1 146 1 1 1
32 5 1 2 1 -292 2 2 2 15 6 301 1 316 1 1 1
31 4 1 2 1 1131 2 2 2 15 6 126 1 148 6 1 1
36 3 1 2 1 1160 2 1 2 15 6 56 1 323 3 1 1
34 2 2 2 1 194 2 2 2 15 6 149 1 268 2 2 1
50 10 1 1 1 202 2 1 2 15 6 107 1 148 4 1 1
41 4 1 2 1 217 2 1 2 15 6 375 2 344 1 1 1
29 3 1 1 1 5698 1 1 2 15 6 437 1 264 1 1 1
38 5 2 2 1 8381 1 1 2 15 6 82 1 145 1 1 1
54 4 3 3 1 2656 2 1 2 15 6 1187 2 320 2 3 1
32 3 2 1 1 3981 2 1 2 15 6 362 1 271 1 1 1
42 1 3 2 1 2397 2 1 2 15 6 239 2 320 2 1 1
50 2 1 2 1 254 2 1 2 15 6 397 2 337 1 1 1
44 4 1 3 1 4581 2 1 2 15 6 520 3 146 2 1 1
38 3 2 1 1 6158 2 1 2 15 6 139 5 145 9 1 2
37 4 2 1 1 3649 2 1 2 15 6 623 2 146 4 1 1
34 5 2 2 1 2660 2 1 2 15 6 158 2 329 1 1 1
40 1 2 2 1 985 2 1 2 15 6 313 3 145 5 2 1
34 5 2 1 1 1393 2 1 2 15 6 540 3 271 3 3 1
37 3 2 1 1 876 2 1 2 15 6 140 4 327 2 1 1
52 4 1 3 1 281 2 1 2 16 6 55 4 335 3 2 1
32 4 1 2 2 -53 2 1 2 16 6 648 1 272 1 2 2
33 2 1 2 1 1397 2 1 2 16 6 370 1 146 3 1 1
39 5 1 2 1 0 2 1 2 16 6 137 1 300 1 1 1
32 4 2 2 1 760 2 1 2 16 6 445 1 148 2 2 1
36 4 1 3 1 453 2 1 2 16 6 176 1 330 2 1 1
32 10 2 2 1 202 2 1 2 16 6 827 1 149 1 1 1
29 4 2 2 1 1232 2 1 2 16 6 258 1 316 2 1 1
42 5 3 2 1 2189 1 1 2 16 6 67 5 149 2 2 1
33 8 2 1 1 23663 2 1 2 16 6 199 2 146 2 1 1
35 3 2 1 1 1350 2 1 2 16 6 185 1 330 1 1 1
43 4 2 2 1 1306 2 1 2 16 6 243 1 336 1 1 1
32 5 2 2 1 309 2 2 2 16 6 346 1 234 3 1 1
29 1 3 2 1 589 2 1 1 16 6 262 6 316 1 2 1
41 1 1 2 1 1597 2 1 2 16 6 461 2 321 1 1 1
57 4 3 3 1 5041 2 1 2 16 6 284 1 336 1 1 1
34 5 2 2 1 486 2 1 2 16 6 204 1 328 2 1 1
39 4 1 3 1 467 2 1 2 16 6 232 1 335 1 1 1
39 3 1 1 1 63 2 1 2 16 6 479 1 330 1 1 1
33 3 2 2 1 -665 2 2 2 16 6 324 1 342 1 1 1
34 5 1 1 1 352 2 1 2 16 6 288 3 324 1 2 1
52 1 1 2 1 979 2 1 2 16 6 156 1 336 1 2 1
31 5 2 1 1 2530 2 1 2 16 6 60 1 342 1 1 1
37 2 1 2 1 345 2 2 2 16 6 114 1 148 1 1 1
36 4 3 2 1 3102 2 1 2 16 6 188 1 147 1 1 1
58 4 1 2 1 8195 2 1 2 16 6 104 1 332 2 1 1
33 4 1 3 1 359 2 2 2 16 6 130 1 148 1 1 1
52 7 2 1 1 3469 2 1 2 16 6 583 1 147 1 3 2
50 4 1 2 1 825 2 1 2 16 6 18 3 273 1 1 1
30 3 2 1 1 726 2 1 2 16 6 39 1 342 3 1 1
31 4 1 2 1 1981 2 1 2 16 6 198 1 268 2 1 1
35 1 2 2 1 -101 2 1 2 16 6 275 1 318 1 2 1
38 2 3 2 1 904 2 1 2 16 6 361 1 339 1 1 1
24 4 2 2 1 525 2 1 2 16 6 253 1 332 1 1 1
37 5 3 1 1 1762 2 1 2 16 6 309 1 317 1 1 1
39 2 3 2 1 1957 2 2 2 16 6 350 1 147 1 1 1
35 5 1 2 1 545 2 1 2 16 6 1579 1 234 4 1 2
39 3 3 2 1 -17 1 1 2 16 6 316 1 146 4 1 1
29 4 1 3 1 10045 2 1 2 16 6 617 1 322 4 1 1
46 4 2 3 1 96 2 1 2 16 6 99 1 148 1 1 1
54 8 1 2 1 736 2 1 2 16 6 268 1 331 1 1 1
33 10 2 1 1 1354 2 1 2 16 6 270 1 147 2 1 1
54 4 1 2 1 0 1 1 1 16 6 1366 1 150 1 1 1
39 3 1 1 1 691 2 2 2 16 6 517 1 255 1 1 1
51 7 1 2 1 0 2 2 2 16 6 432 1 150 1 1 1
35 4 2 2 1 0 2 1 2 16 6 1174 1 345 4 2 2
57 1 3 3 1 207 2 1 2 16 6 284 1 317 4 1 1
47 7 1 2 1 1375 2 1 1 16 6 272 2 321 7 1 1
48 2 1 2 1 543 2 1 2 16 6 152 1 336 1 1 1
46 2 1 2 1 1550 2 1 2 16 6 126 2 149 8 1 1
38 4 1 3 1 1576 2 1 2 16 6 144 1 328 2 2 1
33 3 1 1 1 2441 2 2 2 16 6 257 2 148 1 1 1
30 4 2 2 1 445 2 1 2 16 6 218 1 330 2 1 1
40 10 1 2 1 31 2 1 2 16 6 174 2 147 6 1 1
32 4 2 3 1 528 2 1 2 16 6 219 1 273 1 1 1
31 4 2 2 1 1205 2 1 2 16 6 462 1 328 2 2 1
29 1 1 2 1 2121 1 1 2 16 6 281 1 342 2 2 1
27 4 1 2 1 2171 2 1 2 16 6 130 1 323 1 2 1
30 1 1 1 1 26 2 1 2 16 6 62 1 323 1 1 1
42 1 1 2 1 8238 2 2 2 16 6 102 2 149 5 2 1
31 4 2 2 1 855 2 1 2 16 6 94 1 317 2 1 1
40 5 1 3 1 644 2 1 2 16 6 118 2 336 1 1 1
38 4 3 2 1 614 2 1 2 16 6 314 2 331 1 1 1
30 1 2 2 1 818 2 2 2 16 6 66 1 346 1 1 1
54 4 1 3 1 3170 2 1 1 16 6 140 2 324 4 1 1
32 10 2 1 1 519 2 1 2 16 6 317 2 149 1 1 1
43 4 1 3 1 2519 2 1 2 16 6 257 2 146 9 2 1
38 1 1 2 1 281 2 1 2 16 6 235 2 335 2 1 1
36 3 2 1 1 4788 2 1 2 16 6 241 2 317 1 1 1
36 4 2 3 1 736 2 1 2 16 6 114 2 304 2 1 1
37 5 1 2 1 0 2 1 2 16 6 657 4 149 1 2 1
36 5 2 1 1 470 2 1 2 16 6 123 3 265 13 3 1
48 4 1 2 1 113 2 1 2 16 6 255 2 318 5 2 1
37 4 1 2 1 2848 2 1 2 16 6 280 2 147 3 1 1
31 3 2 1 1 319 2 1 2 16 6 302 2 248 2 1 1
44 3 3 1 1 2422 2 1 2 16 6 399 2 269 2 1 1
47 3 1 1 1 109 2 1 2 16 6 91 2 268 1 1 1
42 4 1 3 1 560 2 2 2 16 6 122 4 149 2 1 1
